hometeam,awayteam,game,season,tie,homewin,draw,awaywin
Arsenal,AC Milan,1,2008,arsenal-milan,0.45247433130000003,0.3146344688,0.23289119989999998
AC Milan,Arsenal,2,2008,arsenal-milan,0.4285663838,0.3170812096,0.2543524066
Celtic,Barcelona,1,2008,celtic-barcelona,0.23400353210000002,0.30240456460000004,0.4635919033
Barcelona,Celtic,2,2008,celtic-barcelona,0.8212564037000001,0.1463692432,0.03237435315
Fenerbahce,Sevilla,1,2008,fenerbahce-sevilla,0.34209977909999995,0.3094652607,0.34843496020000003
Sevilla,Fenerbahce,2,2008,fenerbahce-sevilla,0.6913784064,0.2004425746,0.108179019
Liverpool,Inter,1,2008,liverpool-inter,0.3793969849,0.3103015075,0.3103015075
Inter,Liverpool,2,2008,liverpool-inter,0.4724202697,0.296581423,0.2309983073
Lyon,Manchester Utd,1,2008,lyon-united,0.2795396194,0.3149479712,0.4055124093
Manchester Utd,Lyon,2,2008,lyon-united,0.6826058771,0.20616013960000001,0.1112339832
Olympiakos Piraeus,Chelsea,1,2008,olympiacos-chelsea,0.21542490600000003,0.2914572258,0.4931178682
Chelsea,Olympiakos Piraeus,2,2008,olympiacos-chelsea,0.7452265514,0.1830003683,0.07177308024000001
AS Roma,Real Madrid,1,2008,roma-madrid,0.3748332889,0.3042477994,0.32091891170000003
Real Madrid,AS Roma,2,2008,roma-madrid,0.5405104470000001,0.2801506744,0.1793388787
Schalke,FC Porto,1,2008,schalke-porto,0.42333304159999996,0.30025538420000003,0.2764115742
FC Porto,Schalke,2,2008,schalke-porto,0.5425012694,0.2870377087,0.1704610219
Arsenal,Liverpool,1,2008,arsenal-liverpool,0.35472233229999994,0.4656642963,0.1796133714
Liverpool,Arsenal,2,2008,arsenal-liverpool,0.40435850240000004,0.3134456847,0.2821958129
Fenerbahce,Chelsea,1,2008,fenerbahce-chelsea,0.13794025140000002,0.2766122814,0.5854474672
Chelsea,Fenerbahce,2,2008,fenerbahce-chelsea,0.7378640415000001,0.17427096809999998,0.08786499042000001
AS Roma,Manchester Utd,1,2008,roma-united,0.3017524398,0.3127434227,0.3855041374
Manchester Utd,AS Roma,2,2008,roma-united,0.5479121194,0.2655036339,0.1865842467
Schalke,Barcelona,1,2008,schalke-barcelona,0.08015193409,0.2934886609,0.626359405
Barcelona,Schalke,2,2008,schalke-barcelona,0.6582699707999999,0.2218842622,0.11984576710000001
Barcelona,Manchester Utd,1,2008,barcelona-united,0.33650317679999997,0.3784163839,0.2850804393
Manchester Utd,Barcelona,2,2008,barcelona-united,0.4718772827,0.292184076,0.2359386413
Liverpool,Chelsea,1,2008,liverpool-chelsea,0.504974271,0.3293310463,0.16569468269999998
Chelsea,Liverpool,2,2008,liverpool-chelsea,0.437620964,0.3069030137,0.2554760222
Arsenal,AS Roma,1,2009,arsenal-roma,0.4812078381,0.2940522375,0.2247399244
AS Roma,Arsenal,2,2009,arsenal-roma,0.37728397490000004,0.29292234079999996,0.3297936843
Atl. Madrid,FC Porto,1,2009,atletico-porto,0.4620631563,0.2900793154,0.2478575283
FC Porto,Atl. Madrid,2,2009,atletico-porto,0.4524221321,0.2817479146,0.2658299533
Chelsea,Juventus,1,2009,chelsea-juventus,0.5404144254,0.2877632404,0.1718223341
Juventus,Chelsea,2,2009,chelsea-juventus,0.3579373482,0.3046521766,0.33741047520000006
Inter,Manchester Utd,1,2009,inter-united,0.3864082434,0.3142787046,0.29931305199999997
Manchester Utd,Inter,2,2009,inter-united,0.5752601254,0.26818653859999997,0.156553336
Lyon,Barcelona,1,2009,lyon-barcelona,0.2554846342,0.2752542785,0.4692610873
Barcelona,Lyon,2,2009,lyon-barcelona,0.6821419139,0.21269138989999997,0.1051666961
Real Madrid,Liverpool,1,2009,madrid-liverpool,0.4844626777,0.29193077289999997,0.22360654940000002
Liverpool,Real Madrid,2,2009,madrid-liverpool,0.4141087646,0.29842123670000004,0.2874699987
Sporting,Bayern Munich,1,2009,sporting-bayern,0.3435945261,0.297133631,0.35927184289999997
Bayern Munich,Sporting,2,2009,sporting-bayern,0.5471627379999999,0.2672741465,0.18556311550000001
Villarreal,Panathinaikos,1,2009,villareal-panathinaikos,0.5610728979999999,0.26782816519999997,0.1710989368
Panathinaikos,Villarreal,2,2009,villareal-panathinaikos,0.35803500880000005,0.297044818,0.34492017329999997
Barcelona,Bayern Munich,1,2009,barcelona-bayern,0.6864390076000001,0.2028784652,0.1106825272
Bayern Munich,Barcelona,2,2009,barcelona-bayern,0.3356336186,0.2664210362,0.3979453452
Liverpool,Chelsea,1,2009,liverpool-chelsea,0.4295408349,0.3171106835,0.2533484817
Chelsea,Liverpool,2,2009,liverpool-chelsea,0.40236054109999997,0.2879277266,0.3097117323
Manchester Utd,FC Porto,1,2009,united-porto,0.6731336092,0.221217618,0.10564877269999999
FC Porto,Manchester Utd,2,2009,united-porto,0.27318252460000003,0.27801761350000004,0.4487998619
Villarreal,Arsenal,1,2009,villareal-arsenal,0.3231445723,0.30536639190000003,0.3714890358
Arsenal,Villarreal,2,2009,villareal-arsenal,0.6334217261999999,0.2330673018,0.133510972
Barcelona,Chelsea,1,2009,barcelona-chelsea,0.560048879,0.26140593510000004,0.1785451859
Chelsea,Barcelona,2,2009,barcelona-chelsea,0.346884198,0.2816492593,0.3714665427
Manchester Utd,Arsenal,1,2009,united-arsenal,0.5402991739,0.2697774801,0.18992334600000002
Arsenal,Manchester Utd,2,2009,united-arsenal,0.3492669211,0.2866324276,0.3641006513
Bayern Munich,Fiorentina,1,2010,bayern-fiorentina,0.6716193015999999,0.2147104566,0.1136702417
Fiorentina,Bayern Munich,2,2010,bayern-fiorentina,0.3286220524,0.28139493109999997,0.3899830165
CSKA Moscow,Sevilla,1,2010,cska-sevilla,0.3609047566,0.3001810992,0.33891414420000004
Sevilla,CSKA Moscow,2,2010,cska-sevilla,0.6095610386,0.2446851518,0.1457538096
Inter,Chelsea,1,2010,inter-chelsea,0.3633208363,0.3119300601,0.3247491036
Chelsea,Inter,2,2010,inter-chelsea,0.5942511495,0.24378326,0.1619655905
Lyon,Real Madrid,1,2010,lyon-madrid,0.24026406190000002,0.2852682064,0.4744677317
Real Madrid,Lyon,2,2010,lyon-madrid,0.7348462112,0.1714005629,0.09375322582000001
AC Milan,Manchester Utd,1,2010,milan-united,0.3298767702,0.3073851722,0.3627380576
Manchester Utd,AC Milan,2,2010,milan-united,0.5528988603,0.2554123545,0.19168878530000003
Olympiakos Piraeus,Bordeaux,1,2010,olympiacos-bordeaux,0.3160918364,0.3058623272,0.3780458364
Bordeaux,Olympiakos Piraeus,2,2010,olympiacos-bordeaux,0.6185406067,0.2394457643,0.142013629
FC Porto,Arsenal,1,2010,porto-arsenal,0.4071152531,0.2982951383,0.2945896086
Arsenal,FC Porto,2,2010,porto-arsenal,0.5918525913,0.2476065966,0.1605408122
Stuttgart,Barcelona,1,2010,stuttgart-barcelona,0.1628925878,0.2481766652,0.588930747
Barcelona,Stuttgart,2,2010,stuttgart-barcelona,0.7793788634000001,0.15138071990000002,0.0692404167
Arsenal,Barcelona,1,2010,arsenal-barcelona,0.3147675013,0.2791687958,0.4060637029
Barcelona,Arsenal,2,2010,arsenal-barcelona,0.7050753881,0.18066863260000002,0.11425597929999999
Bayern Munich,Manchester Utd,1,2010,bayern-united,0.3069417966,0.2945497365,0.39850846700000003
Manchester Utd,Bayern Munich,2,2010,bayern-united,0.5470307638,0.2445279825,0.20844125379999998
Inter,CSKA Moscow,1,2010,inter-cska,0.6695420002,0.2215832064,0.1088747935
CSKA Moscow,Inter,2,2010,inter-cska,0.2861811965,0.2897034266,0.4241153768
Lyon,Bordeaux,1,2010,lyon-bordeaux,0.4576853411,0.2974232816,0.24489137730000002
Bordeaux,Lyon,2,2010,lyon-bordeaux,0.4590254956,0.2797611009,0.2612134036
Bayern Munich,Lyon,1,2010,bayern-lyon,0.5693465486,0.2564990887,0.17415436280000002
Lyon,Bayern Munich,2,2010,bayern-lyon,0.3959464989,0.27997400370000003,0.32407949739999997
Inter,Barcelona,1,2010,inter-barcelona,0.3025718547,0.2922675501,0.40516059520000003
Barcelona,Inter,2,2010,inter-barcelona,0.6739939101000001,0.1853814291,0.1406246608
Arsenal,Barcelona,1,2011,arsenal-barcelona,0.2420441841,0.2497078522,0.5082479637
Barcelona,Arsenal,2,2011,arsenal-barcelona,0.7236966912,0.1645401726,0.1117631361
FC Copenhagen,Chelsea,1,2011,copenhagen-chelsea,0.21616561609999999,0.29222388850000003,0.4916104954
Chelsea,FC Copenhagen,2,2011,copenhagen-chelsea,0.7356646726,0.17379135710000002,0.09054397037999999
Inter,Bayern Munich,1,2011,inter-bayern,0.35981983240000004,0.294805657,0.3453745106
Bayern Munich,Inter,2,2011,inter-bayern,0.5404888543999999,0.2367178629,0.22279328269999998
Lyon,Real Madrid,1,2011,lyon-madrid,0.22166420469999998,0.2753030647,0.5030327306
Real Madrid,Lyon,2,2011,lyon-madrid,0.7129402415,0.18376628890000002,0.1032934696
Marseille,Manchester Utd,1,2011,marseille-united,0.3174402273,0.30417102170000004,0.378388751
Manchester Utd,Marseille,2,2011,marseille-united,0.6149845368,0.2416858701,0.1433295931
AC Milan,Tottenham,1,2011,milan-tottenham,0.5563181053,0.2575890314,0.1860928633
Tottenham,AC Milan,2,2011,milan-tottenham,0.411880065,0.2798828929,0.3082370421
AS Roma,Shakhtar Donetsk,1,2011,roma-shakhtar,0.4320314171,0.2929253261,0.2750432568
Shakhtar Donetsk,AS Roma,2,2011,roma-shakhtar,0.5377652643,0.2474249193,0.21480981629999998
Valencia,Schalke,1,2011,valencia-schalke,0.5634432407,0.2565685535,0.1799882058
Schalke,Valencia,2,2011,valencia-schalke,0.3615875277,0.2977108667,0.3407016056
Barcelona,Shakhtar Donetsk,1,2011,barcelona-shakhtar,0.7895268648999999,0.1439866623,0.06648647283
Shakhtar Donetsk,Barcelona,2,2011,barcelona-shakhtar,0.2406325616,0.2555908019,0.5037766365999999
Chelsea,Manchester Utd,1,2011,chelsea-united,0.449366366,0.2948966777,0.2557369563
Manchester Utd,Chelsea,2,2011,chelsea-united,0.42081294799999996,0.2860510976,0.2931359545
Inter,Schalke,1,2011,inter-schalke,0.5622628837,0.2699298975,0.1678072187
Schalke,Inter,2,2011,inter-schalke,0.37174863560000004,0.259407015,0.3688443494
Real Madrid,Tottenham,1,2011,madrid-tottenham,0.6901675477,0.1986943609,0.1111380914
Tottenham,Real Madrid,2,2011,madrid-tottenham,0.2965608905,0.2529489948,0.4504901146
Real Madrid,Barcelona,1,2011,madrid-barcelona,0.3560278881,0.3033678146,0.34060429729999997
Barcelona,Real Madrid,2,2011,madrid-barcelona,0.5851920396,0.2269534345,0.18785452600000002
Schalke,Manchester Utd,1,2011,schalke-united,0.2657936703,0.29204489699999997,0.44216143280000003
Manchester Utd,Schalke,2,2011,schalke-united,0.612964139,0.23785796120000002,0.1491778998
Basel,Bayern Munich,1,2012,basel-bayern,0.1600241926,0.2494865365,0.5904892708
Bayern Munich,Basel,2,2012,basel-bayern,0.7970024494,0.1321063827,0.07089116797999999
CSKA Moscow,Real Madrid,1,2012,cska-madrid,0.1217953474,0.21355519050000002,0.6646494621
Real Madrid,CSKA Moscow,2,2012,cska-madrid,0.8632879079000001,0.09374301072999999,0.04296908139
Bayer Leverkusen,Barcelona,1,2012,leverkusen-barcelona,0.1019797348,0.1945556005,0.7034646647
Barcelona,Bayer Leverkusen,2,2012,leverkusen-barcelona,0.8443238193000001,0.10542733789999999,0.05024884279
Lyon,APOEL,1,2012,lyon-apoel,0.6524298304,0.2291324798,0.11843768980000001
APOEL,Lyon,2,2012,lyon-apoel,0.3300018238,0.2896346282,0.3803635479
Marseille,Inter,1,2012,marseille-inter,0.4986922148,0.27397817350000003,0.2273296116
Inter,Marseille,2,2012,marseille-inter,0.4846110205,0.2747350161,0.2406539634
AC Milan,Arsenal,1,2012,milan-arsenal,0.4509492774,0.2896004534,0.2594502692
Arsenal,AC Milan,2,2012,milan-arsenal,0.46899448850000003,0.2595531142,0.2714523973
Napoli,Chelsea,1,2012,napoli-chelsea,0.4307537501,0.2880420213,0.2812042286
Chelsea,Napoli,2,2012,napoli-chelsea,0.5839615185,0.22541064309999997,0.1906278384
Zenit Petersburg,Benfica,1,2012,zenit-benfica,0.39999038600000003,0.2981060424,0.3019035716
Benfica,Zenit Petersburg,2,2012,zenit-benfica,0.5476328538,0.2574361043,0.19493104190000002
APOEL,Real Madrid,1,2012,apoel-madrid,0.09207938819,0.1876094832,0.7203111286
Real Madrid,APOEL,2,2012,apoel-madrid,0.8819451142,0.08557957982,0.032475305950000005
Benfica,Chelsea,1,2012,benfica-chelsea,0.4208494208,0.2895752896,0.2895752896
Chelsea,Benfica,2,2012,benfica-chelsea,0.578362185,0.24780866199999999,0.17382915300000001
Marseille,Bayern Munich,1,2012,marseille-bayern,0.1958576725,0.2647908198,0.5393515077000001
Bayern Munich,Marseille,2,2012,marseille-bayern,0.6881212931,0.1946238464,0.1172548605
AC Milan,Barcelona,1,2012,milan-barcelona,0.1963232189,0.24565832829999998,0.5580184529
Barcelona,AC Milan,2,2012,milan-barcelona,0.7649552012,0.1500629265,0.08498187234999999
Barcelona,Chelsea,1,2012,barcelona-chelsea,0.7646020620999999,0.1436302834,0.09176765447999999
Chelsea,Barcelona,2,2012,barcelona-chelsea,0.1948272789,0.24567367469999998,0.5594990464999999
Bayern Munich,Real Madrid,1,2012,bayern-madrid,0.3627120821,0.2786820103,0.3586059076
Real Madrid,Bayern Munich,2,2012,bayern-madrid,0.6266258331,0.2099104525,0.1634637143
Arsenal,Bayern Munich,1,2013,arsenal-bayern,0.2333809946,0.2666280078,0.4999909975
Bayern Munich,Arsenal,2,2013,arsenal-bayern,0.7103645075,0.17495323100000001,0.11468226150000001
Celtic,Juventus,1,2013,celtic-juventus,0.20818322760000002,0.2745864985,0.517230274
Juventus,Celtic,2,2013,celtic-juventus,0.6666864576,0.2092333186,0.12408022380000001
Galatasaray,Schalke,1,2013,galatasaray-schalke,0.4106866308,0.286496961,0.3028164082
Schalke,Galatasaray,2,2013,galatasaray-schalke,0.566058145,0.233849162,0.20009269300000002
Real Madrid,Manchester Utd,1,2013,madrid-united,0.6211223348,0.2010218776,0.1778557876
Manchester Utd,Real Madrid,2,2013,madrid-united,0.3192942516,0.2674201155,0.413285633
AC Milan,Barcelona,1,2013,milan-barcelona,0.1577073738,0.2369514255,0.6053412006000001
Barcelona,AC Milan,2,2013,milan-barcelona,0.7465890928,0.15291483039999998,0.1004960768
FC Porto,Malaga,1,2013,porto-malaga,0.5774949471999999,0.25599621219999996,0.1665088406
Malaga,FC Porto,2,2013,porto-malaga,0.3423959525,0.2957537794,0.361850268
Shakhtar Donetsk,Dortmund,1,2013,shakhtar-dortmund,0.379941374,0.28411046370000004,0.33594816229999996
Dortmund,Shakhtar Donetsk,2,2013,shakhtar-dortmund,0.5730455972999999,0.2388129571,0.18814144559999998
Valencia,Paris SG,1,2013,valencia-psg,0.3863341801,0.2945201929,0.319145627
Paris SG,Valencia,2,2013,valencia-psg,0.49296412770000003,0.2745056234,0.23253024890000001
Bayern Munich,Juventus,1,2013,bayern-juventus,0.6020677193999999,0.24261286280000002,0.1553194178
Juventus,Bayern Munich,2,2013,bayern-juventus,0.3178928355,0.2863899419,0.3957172226
Real Madrid,Galatasaray,1,2013,madrid-galatasaray,0.8157070318,0.12283561359999999,0.061457354629999995
Galatasaray,Real Madrid,2,2013,madrid-galatasaray,0.1938076057,0.24831599489999998,0.5578763994
Malaga,Dortmund,1,2013,malaga-dortmund,0.2922621149,0.28108738699999997,0.4266504981
Dortmund,Malaga,2,2013,malaga-dortmund,0.7225974237,0.1814066848,0.09599589154999999
Paris SG,Barcelona,1,2013,psg-barcelona,0.2196550602,0.26602668399999996,0.5143182558
Barcelona,Paris SG,2,2013,psg-barcelona,0.6741589281,0.1934179762,0.1324230957
Bayern Munich,Barcelona,1,2013,bayern-barcelona,0.47395645159999994,0.26374436149999997,0.26229918690000004
Barcelona,Bayern Munich,2,2013,bayern-barcelona,0.46085238619999996,0.2414541469,0.29769346690000004
Dortmund,Real Madrid,1,2013,dortmund-madrid,0.3700670025,0.2722936183,0.3576393792
Real Madrid,Dortmund,2,2013,dortmund-madrid,0.6339516787,0.1880935978,0.17795472350000002
Arsenal,Bayern Munich,1,2014,arsenal-bayern,0.18457122210000002,0.2335207676,0.5819080104
Bayern Munich,Arsenal,2,2014,arsenal-bayern,0.7354582632,0.1544937965,0.1100479402
Manchester City,Barcelona,1,2014,city-barcelona,0.3248800548,0.270733379,0.4043865661
Barcelona,Manchester City,2,2014,city-barcelona,0.5818402022,0.20816887539999998,0.20999092239999997
Galatasaray,Chelsea,1,2014,galatasaray-chelsea,0.2720468758,0.2946476931,0.43330543109999997
Chelsea,Galatasaray,2,2014,galatasaray-chelsea,0.6797723837,0.2043427767,0.11588483949999999
Bayer Leverkusen,Paris SG,1,2014,leverkusen-psg,0.283287274,0.28412540210000004,0.4325873239
Paris SG,Bayer Leverkusen,2,2014,leverkusen-psg,0.6802137248000001,0.1985486214,0.12123765380000001
AC Milan,Atl. Madrid,1,2014,milan-atletico,0.24286497170000002,0.2926262961,0.4645087322
Atl. Madrid,AC Milan,2,2014,milan-atletico,0.6421634321999999,0.21597424850000002,0.14186231929999998
Olympiakos Piraeus,Manchester Utd,1,2014,olympiacos-united,0.2950218279,0.2986981124,0.4062800597
Manchester Utd,Olympiakos Piraeus,2,2014,olympiacos-united,0.6508011274000001,0.2083532816,0.140845591
Schalke,Real Madrid,1,2014,schalke-madrid,0.1602051065,0.2270831816,0.6127117119
Real Madrid,Schalke,2,2014,schalke-madrid,0.7578009748000001,0.1476398848,0.09455914037999999
Zenit Petersburg,Dortmund,1,2014,zenit-dortmund,0.2052791091,0.2463349309,0.54838596
Dortmund,Zenit Petersburg,2,2014,zenit-dortmund,0.7126331192,0.1699303071,0.11743657369999999
Barcelona,Atl. Madrid,1,2014,barcelona-atletico,0.6176226688,0.22677151269999998,0.1556058185
Atl. Madrid,Barcelona,2,2014,barcelona-atletico,0.2592608639,0.2717819852,0.4689571509
Real Madrid,Dortmund,1,2014,madrid-dortmund,0.690634489,0.1879478642,0.1214176468
Dortmund,Real Madrid,2,2014,madrid-dortmund,0.3257007501,0.2487169364,0.42558231350000003
Paris SG,Chelsea,1,2014,psg-chelsea,0.4605832673,0.2859740883,0.25344264440000003
Chelsea,Paris SG,2,2014,psg-chelsea,0.5238858609,0.2527519504,0.22336218870000002
Manchester Utd,Bayern Munich,1,2014,united-bayern,0.1489941191,0.19999833,0.651007551
Bayern Munich,Manchester Utd,2,2014,united-bayern,0.7391034849,0.1527911738,0.1081053412
Atl. Madrid,Chelsea,1,2014,atletico-chelsea,0.5404470503000001,0.2758370511,0.18371589859999998
Chelsea,Atl. Madrid,2,2014,atletico-chelsea,0.4027510134,0.2967639046,0.3004850821
Real Madrid,Bayern Munich,1,2014,madrid-bayern,0.4291899693,0.26267364239999996,0.3081363882
Bayern Munich,Real Madrid,2,2014,madrid-bayern,0.5508502267000001,0.2229970771,0.2261526962
Arsenal,Monaco,1,2015,arsenal-monaco,0.6014059911,0.25409894,0.1444950689
Monaco,Arsenal,2,2015,arsenal-monaco,0.2798649234,0.26895097100000004,0.4511841056
Basel,FC Porto,1,2015,basel-porto,0.2631516728,0.304527722,0.4323206053
FC Porto,Basel,2,2015,basel-porto,0.6716314841,0.21263832629999999,0.1157301896
Manchester City,Barcelona,1,2015,city-barcelona,0.24908944600000002,0.2640212384,0.48688931560000004
Barcelona,Manchester City,2,2015,city-barcelona,0.7072237515,0.1688429398,0.1239333087
Juventus,Dortmund,1,2015,juventus-dortmund,0.49667385189999996,0.28641961109999997,0.21690653699999998
Dortmund,Juventus,2,2015,juventus-dortmund,0.4281997625,0.2875968554,0.28420338219999997
Bayer Leverkusen,Atl. Madrid,1,2015,leverkusen-atletico,0.3265411441,0.308862165,0.36459669100000003
Atl. Madrid,Bayer Leverkusen,2,2015,leverkusen-atletico,0.5507127787,0.2672527804,0.18203444100000002
Paris SG,Chelsea,1,2015,psg-chelsea,0.3627584907,0.3165245655,0.3207169438
Chelsea,Paris SG,2,2015,psg-chelsea,0.43420872829999996,0.2997787815,0.2660124902
Schalke,Real Madrid,1,2015,schalke-madrid,0.13971237539999998,0.2176106976,0.642676927
Real Madrid,Schalke,2,2015,schalke-madrid,0.8011909881,0.1304856558,0.06832335607000001
Shakhtar Donetsk,Bayern Munich,1,2015,shakhtar-bayern,0.10486217980000001,0.1887107205,0.7064270997
Bayern Munich,Shakhtar Donetsk,2,2015,shakhtar-bayern,0.8322743514000001,0.1163178612,0.05140778741
Atl. Madrid,Real Madrid,1,2015,atletico-madrid,0.3284988952,0.2971651544,0.3743359504
Real Madrid,Atl. Madrid,2,2015,atletico-madrid,0.48345660450000005,0.2835522607,0.2329911347
Juventus,Monaco,1,2015,juventus-monaco,0.6361336458,0.24617131120000002,0.11769504300000001
Monaco,Juventus,2,2015,juventus-monaco,0.231816525,0.3143916925,0.4537917825
FC Porto,Bayern Munich,1,2015,porto-bayern,0.23475495370000002,0.2968747261,0.4683703202
Bayern Munich,FC Porto,2,2015,porto-bayern,0.7126536339,0.18011858170000003,0.1072277844
Paris SG,Barcelona,1,2015,psg-barcelona,0.2160975711,0.2681764872,0.5157259417
Barcelona,Paris SG,2,2015,psg-barcelona,0.6701514572,0.1889182707,0.140930272
Barcelona,Bayern Munich,1,2015,barcelona-bayern,0.5571545247999999,0.2449145405,0.19793093469999998
Bayern Munich,Barcelona,2,2015,barcelona-bayern,0.3814608141,0.2570054292,0.36153375670000004
Juventus,Real Madrid,1,2015,juventus-madrid,0.35682571450000006,0.30617222190000004,0.33700206369999997
Real Madrid,Juventus,2,2015,juventus-madrid,0.5857321113,0.23343321739999998,0.18083467120000002
Arsenal,Barcelona,1,2016,arsenal-barcelona,0.2350560952,0.2611028517,0.5038410531
Barcelona,Arsenal,2,2016,arsenal-barcelona,0.7799035356999999,0.1363795152,0.08371694913
Benfica,Zenit Petersburg,1,2016,benfica-zenit,0.4693636248,0.2827161015,0.2479202736
Zenit Petersburg,Benfica,2,2016,benfica-zenit,0.45873153780000003,0.2736750652,0.267593397
Gent,Wolfsburg,1,2016,gent-wolfsburg,,,
Wolfsburg,Gent,2,2016,gent-wolfsburg,0.6308381050999999,0.21531582149999998,0.1538460734
Juventus,Bayern Munich,1,2016,juventus-bayern,0.2626242479,0.3066719856,0.4307037665
Bayern Munich,Juventus,2,2016,juventus-bayern,0.6614115656,0.2142371446,0.1243512898
Dyn. Kyiv,Manchester City,1,2016,kyiv-city,0.2879749377,0.3071732669,0.40485179530000004
Manchester City,Dyn. Kyiv,2,2016,kyiv-city,0.6699915781,0.2084540071,0.1215544147
Paris SG,Chelsea,1,2016,psg-chelsea,0.5904754614,0.24909649679999998,0.1604280418
Chelsea,Paris SG,2,2016,psg-chelsea,,,
PSV,Atl. Madrid,1,2016,psv-atletico,0.199387465,0.2951178381,0.5054946968999999
Atl. Madrid,PSV,2,2016,psv-atletico,0.7361574114,0.1808761581,0.08296643052
AS Roma,Real Madrid,1,2016,roma-madrid,0.23069712969999998,0.2543739404,0.5149289299
Real Madrid,AS Roma,2,2016,roma-madrid,0.7115077198,0.1668009911,0.1216912891
Barcelona,Atl. Madrid,1,2016,barcelona-atletico,0.6358340164999999,0.2307870088,0.1333789747
Atl. Madrid,Barcelona,2,2016,barcelona-atletico,0.3080752339,0.28202805670000003,0.4098967095
Bayern Munich,Benfica,1,2016,bayern-benfica,0.7874385142,0.1449788716,0.06758261424999999
Benfica,Bayern Munich,2,2016,bayern-benfica,0.14086207050000002,0.22810997239999997,0.6310279571
Paris SG,Manchester City,1,2016,psg-city,0.571601632,0.24266574219999998,0.1857326258
Manchester City,Paris SG,2,2016,psg-city,0.3377082981,0.2728377775,0.3894539244
Wolfsburg,Real Madrid,1,2016,wolfsburg-madrid,0.1767331825,0.22162421969999999,0.6016425977000001
Real Madrid,Wolfsburg,2,2016,wolfsburg-madrid,0.8142428314,0.1161920682,0.06956510041
Atl. Madrid,Bayern Munich,1,2016,atletico-bayern,0.303893133,0.32750645079999996,0.3686004161
Bayern Munich,Atl. Madrid,2,2016,atletico-bayern,0.6167284724000001,0.2375354761,0.1457360515
Manchester City,Real Madrid,1,2016,city-madrid,0.37527104829999997,0.294285503,0.33044344870000003
Real Madrid,Manchester City,2,2016,city-madrid,0.6529523528,0.2079294093,0.1391182379
Bayern Munich,Arsenal,1,2017,bayern-arsenal,0.6921631489,0.1903788622,0.1174579889
Arsenal,Bayern Munich,2,2017,bayern-arsenal,0.2413772748,0.2326737673,0.5259489579
Benfica,Dortmund,1,2017,benfica-dortmund,0.3014787725,0.2889171569,0.40960407060000004
Dortmund,Benfica,2,2017,benfica-dortmund,0.7579389871,0.1511287892,0.09093222368
Manchester City,Monaco,1,2017,city-monaco,0.603982995,0.2245416418,0.1714753632
Monaco,Manchester City,2,2017,city-monaco,0.3351490145,0.25092763,0.4139233555
Bayer Leverkusen,Atl. Madrid,1,2017,leverkusen-atletico,0.3203807998,0.3131229823,0.3664962179
Atl. Madrid,Bayer Leverkusen,2,2017,leverkusen-atletico,0.6341101319,0.21740317,0.148486698
Real Madrid,Napoli,1,2017,madrid-napoli,0.6268003578,0.2163020398,0.1568976024
Napoli,Real Madrid,2,2017,madrid-napoli,0.3227077103,0.24509446350000003,0.43219782619999997
FC Porto,Juventus,1,2017,porto-juventus,0.3186965274,0.325113236,0.3561902365
Juventus,FC Porto,2,2017,porto-juventus,0.5535337896,0.2678797262,0.1785864841
Paris SG,Barcelona,1,2017,psg-barcelona,0.3044350967,0.282310453,0.4132544503
Barcelona,Paris SG,2,2017,psg-barcelona,0.6324788042,0.194201541,0.17331965489999998
Sevilla,Leicester,1,2017,sevilla-leicester,0.7076237117,0.18720204010000002,0.1051742481
Leicester,Sevilla,2,2017,sevilla-leicester,0.32211101,0.2684258417,0.40946314829999997
Atl. Madrid,Leicester,1,2017,atletico-leicester,0.7290674890000001,0.183652239,0.08728027200999999
Leicester,Atl. Madrid,2,2017,atletico-leicester,0.2197439195,0.2536834253,0.5265726552000001
Bayern Munich,Real Madrid,1,2017,bayern-madrid,0.572062974,0.22271639699999998,0.2052206291
Real Madrid,Bayern Munich,2,2017,bayern-madrid,0.3703375245,0.2491187987,0.3805436768
Dortmund,Monaco,1,2017,dortmund-monaco,0.6282071464,0.1971035798,0.1746892738
Monaco,Dortmund,2,2017,dortmund-monaco,0.3311340029,0.23378858519999998,0.4350774119
Juventus,Barcelona,1,2017,juventus-barcelona,0.35870729100000004,0.2891073688,0.35218534020000003
Barcelona,Juventus,2,2017,juventus-barcelona,0.6513885037,0.1892196089,0.1593918873
Real Madrid,Atl. Madrid,1,2017,madrid-atletico,0.5358332197,0.27442654910000003,0.1897402312
Atl. Madrid,Real Madrid,2,2017,madrid-atletico,0.3676936156,0.27012128739999997,0.362185097
Monaco,Juventus,1,2017,monaco-juventus,0.30477406879999996,0.2963857917,0.3988401395
Juventus,Monaco,2,2017,monaco-juventus,0.5868879632,0.2450592515,0.1680527853
Basel,Manchester City,1,2018,basel-city,0.08657752792000001,0.1824138159,0.7310086562
Manchester City,Basel,2,2018,basel-city,0.7578716534000001,0.1675579675,0.07457037909
Bayern Munich,Besiktas,1,2018,bayern-besiktas,0.8592133609,0.1011400643,0.03964657481
Besiktas,Bayern Munich,2,2018,bayern-besiktas,0.1101675603,0.1631291847,0.726703255
Chelsea,Barcelona,1,2018,chelsea-barcelona,0.2763700822,0.2912642782,0.4323656396
Barcelona,Chelsea,2,2018,chelsea-barcelona,0.6554072074,0.2096127055,0.1349800871
Juventus,Tottenham,1,2018,juventus-tottenham,0.4202983307,0.3214864715,0.2582151978
Tottenham,Juventus,2,2018,juventus-tottenham,0.4324595625,0.2788063082,0.2887341293
Real Madrid,Paris SG,1,2018,madrid-psg,0.4317994392,0.25977238989999996,0.3084281709
Paris SG,Real Madrid,2,2018,madrid-psg,0.543667887,0.2121731086,0.24415900440000002
FC Porto,Liverpool,1,2018,porto-liverpool,0.2701510513,0.2779140125,0.45193493619999997
Liverpool,FC Porto,2,2018,porto-liverpool,0.673796345,0.20607705489999997,0.1201266001
Sevilla,Manchester Utd,1,2018,sevilla-united,0.3608086789,0.2986385681,0.34055275310000005
Manchester Utd,Sevilla,2,2018,sevilla-united,0.5923801657,0.23826251010000002,0.16935732420000002
Shakhtar Donetsk,AS Roma,1,2018,shakhtar-roma,0.372964422,0.29033158600000003,0.3367039921
AS Roma,Shakhtar Donetsk,2,2018,shakhtar-roma,0.5864484349,0.22402529350000003,0.18952627170000003
Barcelona,AS Roma,1,2018,barcelona-roma,0.7942878997,0.1378174493,0.06789465094
AS Roma,Barcelona,2,2018,barcelona-roma,0.20637762710000002,0.2203851583,0.5732372146
Juventus,Real Madrid,1,2018,juventus-madrid,0.3242303412,0.3002132789,0.37555637979999995
Real Madrid,Juventus,2,2018,juventus-madrid,0.5897919067,0.22058359730000002,0.189624496
Liverpool,Manchester City,1,2018,liverpool-city,0.31491078699999997,0.2696749833,0.41541422969999997
Manchester City,Liverpool,2,2018,liverpool-city,0.6529025265,0.1835759971,0.1635214764
Sevilla,Bayern Munich,1,2018,sevilla-bayern,0.1644077802,0.21908722170000003,0.6165049981
Bayern Munich,Sevilla,2,2018,sevilla-bayern,0.7649480797,0.1426858743,0.092366046
Bayern Munich,Real Madrid,1,2018,bayern-madrid,0.4873308997,0.2388876959,0.2737814043
Real Madrid,Bayern Munich,2,2018,bayern-madrid,0.40706421649999996,0.2378688209,0.3550669626
Liverpool,AS Roma,1,2018,liverpool-roma,0.6423208378,0.211442195,0.1462369672
AS Roma,Liverpool,2,2018,liverpool-roma,0.3678393609,0.24068501399999997,0.3914756251
Ajax,Real Madrid,1,2019,ajax-madrid,0.2913008779,0.2657621708,0.44293695130000005
Real Madrid,Ajax,2,2019,ajax-madrid,0.5498858644,0.23863359620000002,0.2114805393
Atl. Madrid,Juventus,1,2019,atletico-juventus,0.33485193620000003,0.33485193620000003,0.3302961276
Juventus,Atl. Madrid,2,2019,atletico-juventus,0.5542576135,0.26823001690000003,0.1775123695
Liverpool,Bayern Munich,1,2019,liverpool-bayern,0.42247136960000004,0.2780055851,0.2995230453
Bayern Munich,Liverpool,2,2019,liverpool-bayern,0.4684862832,0.27372232280000003,0.257791394
Lyon,Barcelona,1,2019,lyon-barcelona,0.2049985831,0.24810084920000003,0.5469005677000001
Barcelona,Lyon,2,2019,lyon-barcelona,0.7836116665,0.1347473139,0.0816410196
AS Roma,FC Porto,1,2019,roma-porto,0.4607703281,0.28459343789999997,0.25463623399999996
FC Porto,AS Roma,2,2019,roma-porto,0.5430629958,0.2373280327,0.21960897149999997
Schalke,Manchester City,1,2019,schalke-city,0.09003438238,0.1729692794,0.7369963381999999
Manchester City,Schalke,2,2019,schalke-city,0.8343410451000001,0.11513994720000001,0.05051900777
Tottenham,Dortmund,1,2019,tottenham-dortmund,0.4622222222,0.28888888890000003,0.2488888889
Dortmund,Tottenham,2,2019,tottenham-dortmund,0.47383196590000004,0.2591467052,0.2670213289
Manchester Utd,Paris SG,1,2019,united-psg,0.4125931688,0.2786189502,0.3087878811
Paris SG,Manchester Utd,2,2019,united-psg,0.6480031944,0.2072214204,0.1447753852
