{
 "cells": [
  {
   "cell_type": "code",
   "execution_count": 1,
   "metadata": {},
   "outputs": [],
   "source": [
    "from sklearn.datasets import load_iris\n",
    "from sklearn.linear_model import LogisticRegression"
   ]
  },
  {
   "cell_type": "code",
   "execution_count": 2,
   "metadata": {},
   "outputs": [],
   "source": [
    "X, y = load_iris(return_X_y=True)"
   ]
  },
  {
   "cell_type": "code",
   "execution_count": 13,
   "metadata": {},
   "outputs": [
    {
     "name": "stdout",
     "output_type": "stream",
     "text": [
      ".. _iris_dataset:\n",
      "\n",
      "Iris plants dataset\n",
      "--------------------\n",
      "\n",
      "**Data Set Characteristics:**\n",
      "\n",
      "    :Number of Instances: 150 (50 in each of three classes)\n",
      "    :Number of Attributes: 4 numeric, predictive attributes and the class\n",
      "    :Attribute Information:\n",
      "        - sepal length in cm\n",
      "        - sepal width in cm\n",
      "        - petal length in cm\n",
      "        - petal width in cm\n",
      "        - class:\n",
      "                - Iris-Setosa\n",
      "                - Iris-Versicolour\n",
      "                - Iris-Virginica\n",
      "                \n",
      "    :Summary Statistics:\n",
      "\n",
      "    ============== ==== ==== ======= ===== ====================\n",
      "                    Min  Max   Mean    SD   Class Correlation\n",
      "    ============== ==== ==== ======= ===== ====================\n",
      "    sepal length:   4.3  7.9   5.84   0.83    0.7826\n",
      "    sepal width:    2.0  4.4   3.05   0.43   -0.4194\n",
      "    petal length:   1.0  6.9   3.76   1.76    0.9490  (high!)\n",
      "    petal width:    0.1  2.5   1.20   0.76    0.9565  (high!)\n",
      "    ============== ==== ==== ======= ===== ====================\n",
      "\n",
      "    :Missing Attribute Values: None\n",
      "    :Class Distribution: 33.3% for each of 3 classes.\n",
      "    :Creator: R.A. Fisher\n",
      "    :Donor: Michael Marshall (MARSHALL%PLU@io.arc.nasa.gov)\n",
      "    :Date: July, 1988\n",
      "\n",
      "The famous Iris database, first used by Sir R.A. Fisher. The dataset is taken\n",
      "from Fisher's paper. Note that it's the same as in R, but not as in the UCI\n",
      "Machine Learning Repository, which has two wrong data points.\n",
      "\n",
      "This is perhaps the best known database to be found in the\n",
      "pattern recognition literature.  Fisher's paper is a classic in the field and\n",
      "is referenced frequently to this day.  (See Duda & Hart, for example.)  The\n",
      "data set contains 3 classes of 50 instances each, where each class refers to a\n",
      "type of iris plant.  One class is linearly separable from the other 2; the\n",
      "latter are NOT linearly separable from each other.\n",
      "\n",
      ".. topic:: References\n",
      "\n",
      "   - Fisher, R.A. \"The use of multiple measurements in taxonomic problems\"\n",
      "     Annual Eugenics, 7, Part II, 179-188 (1936); also in \"Contributions to\n",
      "     Mathematical Statistics\" (John Wiley, NY, 1950).\n",
      "   - Duda, R.O., & Hart, P.E. (1973) Pattern Classification and Scene Analysis.\n",
      "     (Q327.D83) John Wiley & Sons.  ISBN 0-471-22361-1.  See page 218.\n",
      "   - Dasarathy, B.V. (1980) \"Nosing Around the Neighborhood: A New System\n",
      "     Structure and Classification Rule for Recognition in Partially Exposed\n",
      "     Environments\".  IEEE Transactions on Pattern Analysis and Machine\n",
      "     Intelligence, Vol. PAMI-2, No. 1, 67-71.\n",
      "   - Gates, G.W. (1972) \"The Reduced Nearest Neighbor Rule\".  IEEE Transactions\n",
      "     on Information Theory, May 1972, 431-433.\n",
      "   - See also: 1988 MLC Proceedings, 54-64.  Cheeseman et al\"s AUTOCLASS II\n",
      "     conceptual clustering system finds 3 classes in the data.\n",
      "   - Many, many more ...\n"
     ]
    }
   ],
   "source": [
    "print(load_iris()['DESCR'])"
   ]
  },
  {
   "cell_type": "code",
   "execution_count": 3,
   "metadata": {
    "scrolled": true
   },
   "outputs": [
    {
     "data": {
      "text/plain": [
       "array([[5.1, 3.5, 1.4, 0.2],\n",
       "       [4.9, 3. , 1.4, 0.2],\n",
       "       [4.7, 3.2, 1.3, 0.2],\n",
       "       [4.6, 3.1, 1.5, 0.2],\n",
       "       [5. , 3.6, 1.4, 0.2],\n",
       "       [5.4, 3.9, 1.7, 0.4],\n",
       "       [4.6, 3.4, 1.4, 0.3],\n",
       "       [5. , 3.4, 1.5, 0.2],\n",
       "       [4.4, 2.9, 1.4, 0.2],\n",
       "       [4.9, 3.1, 1.5, 0.1],\n",
       "       [5.4, 3.7, 1.5, 0.2],\n",
       "       [4.8, 3.4, 1.6, 0.2],\n",
       "       [4.8, 3. , 1.4, 0.1],\n",
       "       [4.3, 3. , 1.1, 0.1],\n",
       "       [5.8, 4. , 1.2, 0.2],\n",
       "       [5.7, 4.4, 1.5, 0.4],\n",
       "       [5.4, 3.9, 1.3, 0.4],\n",
       "       [5.1, 3.5, 1.4, 0.3],\n",
       "       [5.7, 3.8, 1.7, 0.3],\n",
       "       [5.1, 3.8, 1.5, 0.3],\n",
       "       [5.4, 3.4, 1.7, 0.2],\n",
       "       [5.1, 3.7, 1.5, 0.4],\n",
       "       [4.6, 3.6, 1. , 0.2],\n",
       "       [5.1, 3.3, 1.7, 0.5],\n",
       "       [4.8, 3.4, 1.9, 0.2],\n",
       "       [5. , 3. , 1.6, 0.2],\n",
       "       [5. , 3.4, 1.6, 0.4],\n",
       "       [5.2, 3.5, 1.5, 0.2],\n",
       "       [5.2, 3.4, 1.4, 0.2],\n",
       "       [4.7, 3.2, 1.6, 0.2],\n",
       "       [4.8, 3.1, 1.6, 0.2],\n",
       "       [5.4, 3.4, 1.5, 0.4],\n",
       "       [5.2, 4.1, 1.5, 0.1],\n",
       "       [5.5, 4.2, 1.4, 0.2],\n",
       "       [4.9, 3.1, 1.5, 0.2],\n",
       "       [5. , 3.2, 1.2, 0.2],\n",
       "       [5.5, 3.5, 1.3, 0.2],\n",
       "       [4.9, 3.6, 1.4, 0.1],\n",
       "       [4.4, 3. , 1.3, 0.2],\n",
       "       [5.1, 3.4, 1.5, 0.2],\n",
       "       [5. , 3.5, 1.3, 0.3],\n",
       "       [4.5, 2.3, 1.3, 0.3],\n",
       "       [4.4, 3.2, 1.3, 0.2],\n",
       "       [5. , 3.5, 1.6, 0.6],\n",
       "       [5.1, 3.8, 1.9, 0.4],\n",
       "       [4.8, 3. , 1.4, 0.3],\n",
       "       [5.1, 3.8, 1.6, 0.2],\n",
       "       [4.6, 3.2, 1.4, 0.2],\n",
       "       [5.3, 3.7, 1.5, 0.2],\n",
       "       [5. , 3.3, 1.4, 0.2],\n",
       "       [7. , 3.2, 4.7, 1.4],\n",
       "       [6.4, 3.2, 4.5, 1.5],\n",
       "       [6.9, 3.1, 4.9, 1.5],\n",
       "       [5.5, 2.3, 4. , 1.3],\n",
       "       [6.5, 2.8, 4.6, 1.5],\n",
       "       [5.7, 2.8, 4.5, 1.3],\n",
       "       [6.3, 3.3, 4.7, 1.6],\n",
       "       [4.9, 2.4, 3.3, 1. ],\n",
       "       [6.6, 2.9, 4.6, 1.3],\n",
       "       [5.2, 2.7, 3.9, 1.4],\n",
       "       [5. , 2. , 3.5, 1. ],\n",
       "       [5.9, 3. , 4.2, 1.5],\n",
       "       [6. , 2.2, 4. , 1. ],\n",
       "       [6.1, 2.9, 4.7, 1.4],\n",
       "       [5.6, 2.9, 3.6, 1.3],\n",
       "       [6.7, 3.1, 4.4, 1.4],\n",
       "       [5.6, 3. , 4.5, 1.5],\n",
       "       [5.8, 2.7, 4.1, 1. ],\n",
       "       [6.2, 2.2, 4.5, 1.5],\n",
       "       [5.6, 2.5, 3.9, 1.1],\n",
       "       [5.9, 3.2, 4.8, 1.8],\n",
       "       [6.1, 2.8, 4. , 1.3],\n",
       "       [6.3, 2.5, 4.9, 1.5],\n",
       "       [6.1, 2.8, 4.7, 1.2],\n",
       "       [6.4, 2.9, 4.3, 1.3],\n",
       "       [6.6, 3. , 4.4, 1.4],\n",
       "       [6.8, 2.8, 4.8, 1.4],\n",
       "       [6.7, 3. , 5. , 1.7],\n",
       "       [6. , 2.9, 4.5, 1.5],\n",
       "       [5.7, 2.6, 3.5, 1. ],\n",
       "       [5.5, 2.4, 3.8, 1.1],\n",
       "       [5.5, 2.4, 3.7, 1. ],\n",
       "       [5.8, 2.7, 3.9, 1.2],\n",
       "       [6. , 2.7, 5.1, 1.6],\n",
       "       [5.4, 3. , 4.5, 1.5],\n",
       "       [6. , 3.4, 4.5, 1.6],\n",
       "       [6.7, 3.1, 4.7, 1.5],\n",
       "       [6.3, 2.3, 4.4, 1.3],\n",
       "       [5.6, 3. , 4.1, 1.3],\n",
       "       [5.5, 2.5, 4. , 1.3],\n",
       "       [5.5, 2.6, 4.4, 1.2],\n",
       "       [6.1, 3. , 4.6, 1.4],\n",
       "       [5.8, 2.6, 4. , 1.2],\n",
       "       [5. , 2.3, 3.3, 1. ],\n",
       "       [5.6, 2.7, 4.2, 1.3],\n",
       "       [5.7, 3. , 4.2, 1.2],\n",
       "       [5.7, 2.9, 4.2, 1.3],\n",
       "       [6.2, 2.9, 4.3, 1.3],\n",
       "       [5.1, 2.5, 3. , 1.1],\n",
       "       [5.7, 2.8, 4.1, 1.3],\n",
       "       [6.3, 3.3, 6. , 2.5],\n",
       "       [5.8, 2.7, 5.1, 1.9],\n",
       "       [7.1, 3. , 5.9, 2.1],\n",
       "       [6.3, 2.9, 5.6, 1.8],\n",
       "       [6.5, 3. , 5.8, 2.2],\n",
       "       [7.6, 3. , 6.6, 2.1],\n",
       "       [4.9, 2.5, 4.5, 1.7],\n",
       "       [7.3, 2.9, 6.3, 1.8],\n",
       "       [6.7, 2.5, 5.8, 1.8],\n",
       "       [7.2, 3.6, 6.1, 2.5],\n",
       "       [6.5, 3.2, 5.1, 2. ],\n",
       "       [6.4, 2.7, 5.3, 1.9],\n",
       "       [6.8, 3. , 5.5, 2.1],\n",
       "       [5.7, 2.5, 5. , 2. ],\n",
       "       [5.8, 2.8, 5.1, 2.4],\n",
       "       [6.4, 3.2, 5.3, 2.3],\n",
       "       [6.5, 3. , 5.5, 1.8],\n",
       "       [7.7, 3.8, 6.7, 2.2],\n",
       "       [7.7, 2.6, 6.9, 2.3],\n",
       "       [6. , 2.2, 5. , 1.5],\n",
       "       [6.9, 3.2, 5.7, 2.3],\n",
       "       [5.6, 2.8, 4.9, 2. ],\n",
       "       [7.7, 2.8, 6.7, 2. ],\n",
       "       [6.3, 2.7, 4.9, 1.8],\n",
       "       [6.7, 3.3, 5.7, 2.1],\n",
       "       [7.2, 3.2, 6. , 1.8],\n",
       "       [6.2, 2.8, 4.8, 1.8],\n",
       "       [6.1, 3. , 4.9, 1.8],\n",
       "       [6.4, 2.8, 5.6, 2.1],\n",
       "       [7.2, 3. , 5.8, 1.6],\n",
       "       [7.4, 2.8, 6.1, 1.9],\n",
       "       [7.9, 3.8, 6.4, 2. ],\n",
       "       [6.4, 2.8, 5.6, 2.2],\n",
       "       [6.3, 2.8, 5.1, 1.5],\n",
       "       [6.1, 2.6, 5.6, 1.4],\n",
       "       [7.7, 3. , 6.1, 2.3],\n",
       "       [6.3, 3.4, 5.6, 2.4],\n",
       "       [6.4, 3.1, 5.5, 1.8],\n",
       "       [6. , 3. , 4.8, 1.8],\n",
       "       [6.9, 3.1, 5.4, 2.1],\n",
       "       [6.7, 3.1, 5.6, 2.4],\n",
       "       [6.9, 3.1, 5.1, 2.3],\n",
       "       [5.8, 2.7, 5.1, 1.9],\n",
       "       [6.8, 3.2, 5.9, 2.3],\n",
       "       [6.7, 3.3, 5.7, 2.5],\n",
       "       [6.7, 3. , 5.2, 2.3],\n",
       "       [6.3, 2.5, 5. , 1.9],\n",
       "       [6.5, 3. , 5.2, 2. ],\n",
       "       [6.2, 3.4, 5.4, 2.3],\n",
       "       [5.9, 3. , 5.1, 1.8]])"
      ]
     },
     "execution_count": 3,
     "metadata": {},
     "output_type": "execute_result"
    }
   ],
   "source": [
    "X"
   ]
  },
  {
   "cell_type": "code",
   "execution_count": 4,
   "metadata": {},
   "outputs": [
    {
     "data": {
      "text/plain": [
       "array([0, 0, 0, 0, 0, 0, 0, 0, 0, 0, 0, 0, 0, 0, 0, 0, 0, 0, 0, 0, 0, 0,\n",
       "       0, 0, 0, 0, 0, 0, 0, 0, 0, 0, 0, 0, 0, 0, 0, 0, 0, 0, 0, 0, 0, 0,\n",
       "       0, 0, 0, 0, 0, 0, 1, 1, 1, 1, 1, 1, 1, 1, 1, 1, 1, 1, 1, 1, 1, 1,\n",
       "       1, 1, 1, 1, 1, 1, 1, 1, 1, 1, 1, 1, 1, 1, 1, 1, 1, 1, 1, 1, 1, 1,\n",
       "       1, 1, 1, 1, 1, 1, 1, 1, 1, 1, 1, 1, 2, 2, 2, 2, 2, 2, 2, 2, 2, 2,\n",
       "       2, 2, 2, 2, 2, 2, 2, 2, 2, 2, 2, 2, 2, 2, 2, 2, 2, 2, 2, 2, 2, 2,\n",
       "       2, 2, 2, 2, 2, 2, 2, 2, 2, 2, 2, 2, 2, 2, 2, 2, 2, 2])"
      ]
     },
     "execution_count": 4,
     "metadata": {},
     "output_type": "execute_result"
    }
   ],
   "source": [
    "y"
   ]
  },
  {
   "cell_type": "code",
   "execution_count": 5,
   "metadata": {},
   "outputs": [
    {
     "name": "stderr",
     "output_type": "stream",
     "text": [
      "/home/ryan/.virtualenvs/clwinprob/lib/python3.6/site-packages/sklearn/linear_model/logistic.py:758: ConvergenceWarning: lbfgs failed to converge. Increase the number of iterations.\n",
      "  \"of iterations.\", ConvergenceWarning)\n"
     ]
    }
   ],
   "source": [
    "clf = LogisticRegression(random_state=0, solver='lbfgs',\n",
    "                         multi_class='multinomial').fit(X, y)"
   ]
  },
  {
   "cell_type": "code",
   "execution_count": 7,
   "metadata": {},
   "outputs": [
    {
     "data": {
      "text/plain": [
       "array([[5.1, 3.5, 1.4, 0.2],\n",
       "       [4.9, 3. , 1.4, 0.2]])"
      ]
     },
     "execution_count": 7,
     "metadata": {},
     "output_type": "execute_result"
    }
   ],
   "source": [
    "X[:2, :]"
   ]
  },
  {
   "cell_type": "code",
   "execution_count": 14,
   "metadata": {},
   "outputs": [
    {
     "data": {
      "text/plain": [
       "array([0, 0, 0, 0, 0, 0, 0, 0, 0, 0, 0, 0, 0, 0, 0, 0, 0, 0, 0, 0, 0, 0,\n",
       "       0, 0, 0, 0, 0, 0, 0, 0, 0, 0, 0, 0, 0, 0, 0, 0, 0, 0, 0, 0, 0, 0,\n",
       "       0, 0, 0, 0, 0, 0, 1, 1, 1, 1, 1, 1, 1, 1, 1, 1, 1, 1, 1, 1, 1, 1,\n",
       "       1, 1, 1, 1, 2, 1, 1, 1, 1, 1, 1, 2, 1, 1, 1, 1, 1, 2, 1, 1, 1, 1,\n",
       "       1, 1, 1, 1, 1, 1, 1, 1, 1, 1, 1, 1, 2, 2, 2, 2, 2, 2, 1, 2, 2, 2,\n",
       "       2, 2, 2, 2, 2, 2, 2, 2, 2, 2, 2, 2, 2, 2, 2, 2, 2, 2, 2, 2, 2, 2,\n",
       "       2, 2, 2, 2, 2, 2, 2, 2, 2, 2, 2, 2, 2, 2, 2, 2, 2, 2])"
      ]
     },
     "execution_count": 14,
     "metadata": {},
     "output_type": "execute_result"
    }
   ],
   "source": [
    "clf.predict(X)"
   ]
  },
  {
   "cell_type": "code",
   "execution_count": 17,
   "metadata": {},
   "outputs": [
    {
     "data": {
      "text/plain": [
       "array([[9.81801790e-01, 1.81981959e-02, 1.43556907e-08],\n",
       "       [9.71727348e-01, 2.82726221e-02, 3.00307256e-08],\n",
       "       [9.85451821e-01, 1.45481667e-02, 1.22669829e-08],\n",
       "       [9.76299555e-01, 2.37004051e-02, 3.95392775e-08],\n",
       "       [9.85388794e-01, 1.46111946e-02, 1.18844386e-08],\n",
       "       [9.70470231e-01, 2.95296954e-02, 7.31658657e-08],\n",
       "       [9.86892099e-01, 1.31078812e-02, 1.98813481e-08],\n",
       "       [9.76403999e-01, 2.35959736e-02, 2.74987214e-08],\n",
       "       [9.79846470e-01, 2.01534997e-02, 3.05483138e-08],\n",
       "       [9.69136281e-01, 3.08636877e-02, 3.15045384e-08],\n",
       "       [9.76507990e-01, 2.34919910e-02, 1.91247633e-08],\n",
       "       [9.75414682e-01, 2.45852747e-02, 4.36441157e-08],\n",
       "       [9.74561901e-01, 2.54380777e-02, 2.13874589e-08],\n",
       "       [9.91974148e-01, 8.02584827e-03, 3.87570298e-09],\n",
       "       [9.88203900e-01, 1.17960975e-02, 2.79268763e-09],\n",
       "       [9.86776508e-01, 1.32234792e-02, 1.27205635e-08],\n",
       "       [9.88117663e-01, 1.18823279e-02, 9.15150624e-09],\n",
       "       [9.81557981e-01, 1.84419995e-02, 1.96012742e-08],\n",
       "       [9.56592782e-01, 4.34071500e-02, 6.80646603e-08],\n",
       "       [9.84124148e-01, 1.58758318e-02, 2.04221692e-08],\n",
       "       [9.46778575e-01, 5.32213394e-02, 8.59937397e-08],\n",
       "       [9.81750821e-01, 1.82491459e-02, 3.27150043e-08],\n",
       "       [9.96008645e-01, 3.99135399e-03, 1.30550190e-09],\n",
       "       [9.52336924e-01, 4.76628399e-02, 2.36335088e-07],\n",
       "       [9.51866063e-01, 4.81337313e-02, 2.05255139e-07],\n",
       "       [9.51570008e-01, 4.84299052e-02, 8.65141018e-08],\n",
       "       [9.69633942e-01, 3.03659723e-02, 8.60374445e-08],\n",
       "       [9.74936793e-01, 2.50631826e-02, 2.48279520e-08],\n",
       "       [9.77354426e-01, 2.26455571e-02, 1.73253325e-08],\n",
       "       [9.71233610e-01, 2.87663317e-02, 5.82650134e-08],\n",
       "       [9.64297464e-01, 3.57024661e-02, 7.01333192e-08],\n",
       "       [9.64962614e-01, 3.50373288e-02, 5.72985799e-08],\n",
       "       [9.88382975e-01, 1.16170178e-02, 6.97537729e-09],\n",
       "       [9.89070530e-01, 1.09294649e-02, 5.26213807e-09],\n",
       "       [9.68728189e-01, 3.12717677e-02, 4.30088945e-08],\n",
       "       [9.84673354e-01, 1.53266382e-02, 7.95508196e-09],\n",
       "       [9.78961658e-01, 2.10383326e-02, 9.57898809e-09],\n",
       "       [9.86872184e-01, 1.31278078e-02, 8.45201616e-09],\n",
       "       [9.85856930e-01, 1.41430549e-02, 1.54759336e-08],\n",
       "       [9.74113249e-01, 2.58867228e-02, 2.82875914e-08],\n",
       "       [9.86634249e-01, 1.33657395e-02, 1.13125463e-08],\n",
       "       [9.62256872e-01, 3.77430614e-02, 6.60823068e-08],\n",
       "       [9.89020044e-01, 1.09799446e-02, 1.12304395e-08],\n",
       "       [9.72472499e-01, 2.75273645e-02, 1.36888673e-07],\n",
       "       [9.60266905e-01, 3.97328732e-02, 2.21541145e-07],\n",
       "       [9.73881004e-01, 2.61189561e-02, 3.98650028e-08],\n",
       "       [9.80322738e-01, 1.96772370e-02, 2.51601705e-08],\n",
       "       [9.83349850e-01, 1.66501299e-02, 2.00524502e-08],\n",
       "       [9.78591484e-01, 2.14084973e-02, 1.85873780e-08],\n",
       "       [9.78683198e-01, 2.13167824e-02, 1.91862519e-08],\n",
       "       [2.11755077e-03, 8.74345929e-01, 1.23536520e-01],\n",
       "       [5.77925303e-03, 8.59926096e-01, 1.34294651e-01],\n",
       "       [1.05434330e-03, 7.25636033e-01, 2.73309623e-01],\n",
       "       [1.53565263e-02, 9.39286963e-01, 4.53565105e-02],\n",
       "       [2.36436131e-03, 8.14755045e-01, 1.82880594e-01],\n",
       "       [6.91702444e-03, 8.60175991e-01, 1.32906984e-01],\n",
       "       [3.73668089e-03, 7.17180528e-01, 2.79082791e-01],\n",
       "       [1.47580714e-01, 8.49332541e-01, 3.08674539e-03],\n",
       "       [2.76393557e-03, 8.96722780e-01, 1.00513285e-01],\n",
       "       [4.11887918e-02, 9.11862909e-01, 4.69482990e-02],\n",
       "       [5.57798972e-02, 9.37660519e-01, 6.55958371e-03],\n",
       "       [1.50787926e-02, 8.98681901e-01, 8.62393063e-02],\n",
       "       [9.09587954e-03, 9.76452032e-01, 1.44520888e-02],\n",
       "       [3.02189356e-03, 7.79464946e-01, 2.17513160e-01],\n",
       "       [7.42905321e-02, 9.15190155e-01, 1.05193132e-02],\n",
       "       [5.26542947e-03, 9.26370408e-01, 6.83641621e-02],\n",
       "       [8.61614597e-03, 7.74751752e-01, 2.16632102e-01],\n",
       "       [1.63641470e-02, 9.65253357e-01, 1.83824964e-02],\n",
       "       [1.80273816e-03, 7.99235762e-01, 1.98961500e-01],\n",
       "       [2.38861501e-02, 9.59412625e-01, 1.67012250e-02],\n",
       "       [2.27729209e-03, 4.40313799e-01, 5.57408909e-01],\n",
       "       [1.67898084e-02, 9.56689458e-01, 2.65207336e-02],\n",
       "       [7.08855608e-04, 5.95308074e-01, 4.03983070e-01],\n",
       "       [3.01437605e-03, 8.60214847e-01, 1.36770777e-01],\n",
       "       [7.05089448e-03, 9.42905241e-01, 5.00438650e-02],\n",
       "       [5.05882629e-03, 9.20043807e-01, 7.48973663e-02],\n",
       "       [1.11451586e-03, 8.01459707e-01, 1.97425777e-01],\n",
       "       [5.73849003e-04, 4.81120711e-01, 5.18305440e-01],\n",
       "       [5.43816570e-03, 8.12842086e-01, 1.81719748e-01],\n",
       "       [6.17131016e-02, 9.34883232e-01, 3.40366654e-03],\n",
       "       [2.90757827e-02, 9.57199763e-01, 1.37244539e-02],\n",
       "       [3.70985485e-02, 9.55310575e-01, 7.59087618e-03],\n",
       "       [2.51036004e-02, 9.56460595e-01, 1.84358041e-02],\n",
       "       [4.43583659e-04, 3.49564168e-01, 6.49992248e-01],\n",
       "       [1.01002951e-02, 7.51043409e-01, 2.38856296e-01],\n",
       "       [9.88846633e-03, 7.89286227e-01, 2.00825307e-01],\n",
       "       [2.25101096e-03, 8.05385714e-01, 1.92363275e-01],\n",
       "       [2.75732391e-03, 9.12538396e-01, 8.47042804e-02],\n",
       "       [2.68520446e-02, 9.28683948e-01, 4.44640071e-02],\n",
       "       [1.98136622e-02, 9.37855185e-01, 4.23311527e-02],\n",
       "       [8.63747449e-03, 8.97815330e-01, 9.35471955e-02],\n",
       "       [4.60506380e-03, 8.28495150e-01, 1.66899786e-01],\n",
       "       [1.75180857e-02, 9.56931440e-01, 2.55504743e-02],\n",
       "       [1.21663003e-01, 8.75251971e-01, 3.08502688e-03],\n",
       "       [1.43634171e-02, 9.20334571e-01, 6.53020123e-02],\n",
       "       [1.98282268e-02, 9.38300978e-01, 4.18707951e-02],\n",
       "       [1.69727079e-02, 9.25473732e-01, 5.75535600e-02],\n",
       "       [8.45572644e-03, 9.35096032e-01, 5.64482414e-02],\n",
       "       [2.43991890e-01, 7.54700391e-01, 1.30771879e-03],\n",
       "       [1.90454625e-02, 9.35999575e-01, 4.49549622e-02],\n",
       "       [8.85411322e-07, 3.92304173e-03, 9.96076073e-01],\n",
       "       [2.38622566e-04, 1.61959687e-01, 8.37801690e-01],\n",
       "       [2.45080562e-06, 2.56162896e-02, 9.74381260e-01],\n",
       "       [3.08059944e-05, 8.19190771e-02, 9.18050117e-01],\n",
       "       [3.67322055e-06, 1.74497934e-02, 9.82546533e-01],\n",
       "       [5.47525369e-08, 4.67175169e-03, 9.95328194e-01],\n",
       "       [5.67432625e-03, 5.11752141e-01, 4.82573533e-01],\n",
       "       [6.16121587e-07, 2.15070454e-02, 9.78492338e-01],\n",
       "       [5.15429766e-06, 5.32374069e-02, 9.46757439e-01],\n",
       "       [6.45537318e-07, 5.77467057e-03, 9.94224684e-01],\n",
       "       [2.98507890e-04, 2.10386552e-01, 7.89314940e-01],\n",
       "       [7.16914675e-05, 1.36870691e-01, 8.63057618e-01],\n",
       "       [2.09822672e-05, 6.51775565e-02, 9.34801461e-01],\n",
       "       [2.24812695e-04, 1.44106249e-01, 8.55668938e-01],\n",
       "       [6.74367573e-05, 4.30886224e-02, 9.56843941e-01],\n",
       "       [5.07573833e-05, 5.38960136e-02, 9.46053229e-01],\n",
       "       [5.49534139e-05, 1.23253691e-01, 8.76691356e-01],\n",
       "       [8.41657694e-08, 3.62090115e-03, 9.96379015e-01],\n",
       "       [3.10226199e-09, 1.00194705e-03, 9.98998050e-01],\n",
       "       [3.84851706e-04, 4.50294847e-01, 5.49320302e-01],\n",
       "       [5.51998438e-06, 2.38492929e-02, 9.76145187e-01],\n",
       "       [6.02380187e-04, 1.89529146e-01, 8.09868474e-01],\n",
       "       [3.10563914e-08, 4.68520377e-03, 9.95314765e-01],\n",
       "       [5.78687692e-04, 3.91702690e-01, 6.07718623e-01],\n",
       "       [1.26740130e-05, 3.87695770e-02, 9.61217749e-01],\n",
       "       [4.82177062e-06, 5.19364520e-02, 9.48058726e-01],\n",
       "       [1.06027350e-03, 4.55205851e-01, 5.43733875e-01],\n",
       "       [1.01036832e-03, 3.85010054e-01, 6.13979578e-01],\n",
       "       [1.04711441e-05, 3.62520822e-02, 9.63737447e-01],\n",
       "       [1.67803174e-05, 1.42900312e-01, 8.57082907e-01],\n",
       "       [1.05323120e-06, 2.92859989e-02, 9.70712948e-01],\n",
       "       [7.01557496e-07, 1.77051665e-02, 9.82294132e-01],\n",
       "       [7.73936346e-06, 2.71601143e-02, 9.72832146e-01],\n",
       "       [5.23344969e-04, 4.75951359e-01, 5.23525296e-01],\n",
       "       [6.18948796e-05, 1.89381386e-01, 8.10556719e-01],\n",
       "       [3.88661790e-07, 1.17409121e-02, 9.88258699e-01],\n",
       "       [1.14177911e-05, 1.73508759e-02, 9.82637706e-01],\n",
       "       [6.68707063e-05, 1.19981629e-01, 8.79951500e-01],\n",
       "       [1.60087879e-03, 4.39840845e-01, 5.58558276e-01],\n",
       "       [3.91941525e-05, 9.33819857e-02, 9.06578820e-01],\n",
       "       [6.19613449e-06, 2.02254712e-02, 9.79768333e-01],\n",
       "       [9.82938427e-05, 1.19937583e-01, 8.79964123e-01],\n",
       "       [2.38622566e-04, 1.61959687e-01, 8.37801690e-01],\n",
       "       [2.01786929e-06, 1.26114016e-02, 9.87386581e-01],\n",
       "       [3.74399594e-06, 1.20910051e-02, 9.87905251e-01],\n",
       "       [5.50332862e-05, 7.96157497e-02, 9.20329217e-01],\n",
       "       [2.23793471e-04, 2.50251965e-01, 7.49524242e-01],\n",
       "       [1.36533161e-04, 1.56830509e-01, 8.43032958e-01],\n",
       "       [4.48873502e-05, 3.84702083e-02, 9.61484904e-01],\n",
       "       [4.68819654e-04, 2.35001997e-01, 7.64529183e-01]])"
      ]
     },
     "execution_count": 17,
     "metadata": {},
     "output_type": "execute_result"
    }
   ],
   "source": [
    "clf.predict_proba(X)"
   ]
  },
  {
   "cell_type": "code",
   "execution_count": 9,
   "metadata": {},
   "outputs": [
    {
     "data": {
      "text/plain": [
       "0.9733333333333334"
      ]
     },
     "execution_count": 9,
     "metadata": {},
     "output_type": "execute_result"
    }
   ],
   "source": [
    "clf.score(X, y)"
   ]
  },
  {
   "cell_type": "code",
   "execution_count": null,
   "metadata": {},
   "outputs": [],
   "source": []
  }
 ],
 "metadata": {
  "kernelspec": {
   "display_name": "Python 3",
   "language": "python",
   "name": "python3"
  },
  "language_info": {
   "codemirror_mode": {
    "name": "ipython",
    "version": 3
   },
   "file_extension": ".py",
   "mimetype": "text/x-python",
   "name": "python",
   "nbconvert_exporter": "python",
   "pygments_lexer": "ipython3",
   "version": "3.6.7"
  }
 },
 "nbformat": 4,
 "nbformat_minor": 2
}
