season,tie,game,hometeam,awayteam,pcthome,pctdraw,pctaway
2008,arsenal-milan,1,Arsenal,AC Milan,0.4524743312915877,0.31463446877891865,0.23289119992949367
2008,arsenal-milan,2,AC Milan,Arsenal,0.4285663837651407,0.3170812096100197,0.2543524066248396
2008,celtic-barcelona,1,Celtic,Barcelona,0.23400353212878686,0.3024045645972015,0.46359190327401173
2008,celtic-barcelona,2,Barcelona,Celtic,0.8212564036543896,0.14636924319081038,0.03237435315480002
2008,fenerbahce-sevilla,1,Fenerbahce,Sevilla,0.34209977910223816,0.3094652607010378,0.34843496019672404
2008,fenerbahce-sevilla,2,Sevilla,Fenerbahce,0.6913784064153243,0.20044257460768555,0.10817901897699025
2008,liverpool-inter,1,Liverpool,Inter,0.3793969849246231,0.3103015075376884,0.3103015075376884
2008,liverpool-inter,2,Inter,Liverpool,0.47242026965645434,0.2965814229969932,0.23099830734655244
2008,lyon-united,1,Lyon,Manchester Utd,0.27953961944220046,0.3149479712382125,0.40551240931958693
2008,lyon-united,2,Manchester Utd,Lyon,0.6826058771460817,0.20616013961447,0.1112339832394484
2008,olympiacos-chelsea,1,Olympiakos Piraeus,Chelsea,0.2154249060156047,0.2914572257858182,0.4931178681985771
2008,olympiacos-chelsea,2,Chelsea,Olympiakos Piraeus,0.7452265514443407,0.18300036832004518,0.07177308023561406
2008,roma-madrid,1,AS Roma,Real Madrid,0.37483328887703393,0.30424779941317687,0.32091891170978926
2008,roma-madrid,2,Real Madrid,AS Roma,0.540510446989528,0.28015067435280516,0.17933887865766693
2008,schalke-porto,1,Schalke,FC Porto,0.4233330416172738,0.30025538415027087,0.27641157423245527
2008,schalke-porto,2,FC Porto,Schalke,0.5425012693905888,0.2870377086722692,0.17046102193714185
2008,arsenal-liverpool,1,Arsenal,Liverpool,0.3547223322836945,0.46566429629011746,0.17961337142618813
2008,arsenal-liverpool,2,Liverpool,Arsenal,0.40435850240020993,0.3134456847464715,0.2821958128533187
2008,fenerbahce-chelsea,1,Fenerbahce,Chelsea,0.13794025143910024,0.2766122814004239,0.5854474671604759
2008,fenerbahce-chelsea,2,Chelsea,Fenerbahce,0.737864041507902,0.17427096807607018,0.08786499041602794
2008,roma-united,1,AS Roma,Manchester Utd,0.30175243983507405,0.3127434227429741,0.3855041374219518
2008,roma-united,2,Manchester Utd,AS Roma,0.5479121194350883,0.2655036339040175,0.1865842466608942
2008,schalke-barcelona,1,Schalke,Barcelona,0.08015193409462021,0.29348866093293263,0.6263594049724472
2008,schalke-barcelona,2,Barcelona,Schalke,0.6582699707719337,0.22188426215387272,0.11984576707419367
2008,barcelona-united,1,Barcelona,Manchester Utd,0.3365031767995711,0.37841638387425075,0.28508043932617816
2008,barcelona-united,2,Manchester Utd,Barcelona,0.4718772826880935,0.2921840759678598,0.23593864134404674
2008,liverpool-chelsea,1,Liverpool,Chelsea,0.5049742710120069,0.32933104631217835,0.16569468267581475
2008,liverpool-chelsea,2,Chelsea,Liverpool,0.4376209640256828,0.306903013732297,0.25547602224202026
2009,arsenal-roma,1,Arsenal,AS Roma,0.4812078380982974,0.294052237515135,0.22473992438656748
2009,arsenal-roma,2,AS Roma,Arsenal,0.3772839748947119,0.2929223407567638,0.3297936843485243
2009,atletico-porto,1,Atl. Madrid,FC Porto,0.462063156309265,0.2900793154204399,0.247857528270295
2009,atletico-porto,2,FC Porto,Atl. Madrid,0.4524221320884671,0.28174791459401544,0.2658299533175174
2009,chelsea-juventus,1,Chelsea,Juventus,0.5404144254192962,0.2877632404476907,0.17182233413301315
2009,chelsea-juventus,2,Juventus,Chelsea,0.35793734819704803,0.3046521766207885,0.33741047518216355
2009,inter-united,1,Inter,Manchester Utd,0.3864082433758587,0.31427870461236507,0.29931305201177627
2009,inter-united,2,Manchester Utd,Inter,0.5752601253760949,0.26818653863687414,0.15655333598703097
2009,lyon-barcelona,1,Lyon,Barcelona,0.2554846342143848,0.2752542785285931,0.4692610872570222
2009,lyon-barcelona,2,Barcelona,Lyon,0.6821419139437888,0.2126913899278209,0.10516669612839039
2009,madrid-liverpool,1,Real Madrid,Liverpool,0.4844626777035789,0.2919307728666481,0.223606549429773
2009,madrid-liverpool,2,Liverpool,Real Madrid,0.41410876460868623,0.29842123671800563,0.28746999867330814
2009,sporting-bayern,1,Sporting,Bayern Munich,0.34359452608572405,0.29713363104897517,0.3592718428653008
2009,sporting-bayern,2,Bayern Munich,Sporting,0.5471627380229428,0.2672741464753992,0.18556311550165783
2009,villareal-panathinaikos,1,Villarreal,Panathinaikos,0.5610728980181537,0.2678281652181586,0.17109893676368754
2009,villareal-panathinaikos,2,Panathinaikos,Villarreal,0.3580350087501189,0.29704481798511445,0.3449201732647666
2009,barcelona-bayern,1,Barcelona,Bayern Munich,0.6864390076145107,0.2028784652169152,0.11068252716857406
2009,barcelona-bayern,2,Bayern Munich,Barcelona,0.33563361856870255,0.26642103620848984,0.39794534522280767
2009,liverpool-chelsea,1,Liverpool,Chelsea,0.4295408348597618,0.31711068345351545,0.2533484816867228
2009,liverpool-chelsea,2,Chelsea,Liverpool,0.40236054107875757,0.28792772664351457,0.3097117322777279
2009,united-porto,1,Manchester Utd,FC Porto,0.6731336092058273,0.22121761804886342,0.10564877274530922
2009,united-porto,2,FC Porto,Manchester Utd,0.27318252460714904,0.278017613538249,0.44879986185460197
2009,villareal-arsenal,1,Villarreal,Arsenal,0.32314457226142734,0.30536639191047504,0.3714890358280976
2009,villareal-arsenal,2,Arsenal,Villarreal,0.6334217261563306,0.23306730180528262,0.1335109720383868
2009,barcelona-chelsea,1,Barcelona,Chelsea,0.5600488789842513,0.2614059351326759,0.17854518588307297
2009,barcelona-chelsea,2,Chelsea,Barcelona,0.34688419799590703,0.2816492592683185,0.37146654273577445
2009,united-arsenal,1,Manchester Utd,Arsenal,0.5402991739227506,0.26977748009228253,0.1899233459849669
2009,united-arsenal,2,Arsenal,Manchester Utd,0.34926692106848767,0.28663242762459473,0.36410065130691766
2010,bayern-fiorentina,1,Bayern Munich,Fiorentina,0.6716193016182588,0.2147104566342153,0.11367024174752574
2010,bayern-fiorentina,2,Fiorentina,Bayern Munich,0.3286220523874845,0.2813949310862891,0.38998301652622647
2010,cska-sevilla,1,CSKA Moscow,Sevilla,0.360904756624903,0.3001810991610304,0.33891414421406657
2010,cska-sevilla,2,Sevilla,CSKA Moscow,0.6095610385653879,0.2446851518468362,0.1457538095877759
2010,inter-chelsea,1,Inter,Chelsea,0.36332083626659684,0.3119300600841506,0.32474910364925264
2010,inter-chelsea,2,Chelsea,Inter,0.5942511495193236,0.2437832599595834,0.16196559052109308
2010,lyon-madrid,1,Lyon,Real Madrid,0.2402640618721399,0.2852682063919969,0.4744677317358632
2010,lyon-madrid,2,Real Madrid,Lyon,0.7348462112406455,0.17140056293843187,0.09375322582092269
2010,milan-united,1,AC Milan,Manchester Utd,0.32987677017206213,0.30738517220578515,0.3627380576221526
2010,milan-united,2,Manchester Utd,AC Milan,0.5528988602503412,0.25541235445722105,0.19168878529243769
2010,olympiacos-bordeaux,1,Olympiakos Piraeus,Bordeaux,0.3160918364424222,0.30586232717244094,0.378045836385137
2010,olympiacos-bordeaux,2,Bordeaux,Olympiakos Piraeus,0.6185406067168572,0.2394457643040275,0.1420136289791154
2010,porto-arsenal,1,FC Porto,Arsenal,0.4071152531051703,0.29829513828146126,0.2945896086133685
2010,porto-arsenal,2,Arsenal,FC Porto,0.5918525912563718,0.24760659656351225,0.160540812180116
2010,stuttgart-barcelona,1,Stuttgart,Barcelona,0.1628925878057725,0.2481766651909937,0.5889307470032339
2010,stuttgart-barcelona,2,Barcelona,Stuttgart,0.7793788633605715,0.15138071994299615,0.06924041669643233
2010,arsenal-barcelona,1,Arsenal,Barcelona,0.3147675012774655,0.27916879577584736,0.4060637029466871
2010,arsenal-barcelona,2,Barcelona,Arsenal,0.7050753880870219,0.18066863263113553,0.11425597928184267
2010,bayern-united,1,Bayern Munich,Manchester Utd,0.3069417965683526,0.2945497364584502,0.3985084669731973
2010,bayern-united,2,Manchester Utd,Bayern Munich,0.5470307637828055,0.24452798245256394,0.20844125376463052
2010,inter-cska,1,Inter,CSKA Moscow,0.6695420001544147,0.22158320639297954,0.10887479345260587
2010,inter-cska,2,CSKA Moscow,Inter,0.2861811965269542,0.28970342663805515,0.4241153768349907
2010,lyon-bordeaux,1,Lyon,Bordeaux,0.4576853410936146,0.2974232815939577,0.24489137731242752
2010,lyon-bordeaux,2,Bordeaux,Lyon,0.459025495580666,0.2797611008568556,0.26121340356247846
2010,bayern-lyon,1,Bayern Munich,Lyon,0.5693465485525898,0.2564990886642817,0.17415436278312857
2010,bayern-lyon,2,Lyon,Bayern Munich,0.39594649892083156,0.2799740036747892,0.32407949740437925
2010,inter-barcelona,1,Inter,Barcelona,0.302571854734633,0.29226755008422756,0.40516059518113945
2010,inter-barcelona,2,Barcelona,Inter,0.6739939100799426,0.18538142909860894,0.1406246608214485
2011,arsenal-barcelona,1,Arsenal,Barcelona,0.24204418412151835,0.2497078522203527,0.508247963658129
2011,arsenal-barcelona,2,Barcelona,Arsenal,0.7236966912298965,0.16454017263837623,0.11176313613172727
2011,copenhagen-chelsea,1,FC Copenhagen,Chelsea,0.21616561611819518,0.29222388845607866,0.49161049542572627
2011,copenhagen-chelsea,2,Chelsea,FC Copenhagen,0.7356646725652478,0.17379135705873294,0.09054397037601927
2011,inter-bayern,1,Inter,Bayern Munich,0.35981983235081144,0.2948056570350885,0.34537451061410007
2011,inter-bayern,2,Bayern Munich,Inter,0.5404888543596486,0.23671786290563557,0.22279328273471583
2011,lyon-madrid,1,Lyon,Real Madrid,0.22166420467057307,0.27530306469289834,0.5030327306365285
2011,lyon-madrid,2,Real Madrid,Lyon,0.7129402415478058,0.1837662888836223,0.103293469568572
2011,marseille-united,1,Marseille,Manchester Utd,0.31744022733211397,0.3041710216880063,0.37838875097987984
2011,marseille-united,2,Manchester Utd,Marseille,0.6149845367742016,0.24168587007811287,0.1433295931476857
2011,milan-tottenham,1,AC Milan,Tottenham,0.5563181053012543,0.257589031436529,0.1860928632622168
2011,milan-tottenham,2,Tottenham,AC Milan,0.4118800650240246,0.27988289285015316,0.3082370421258223
2011,roma-shakhtar,1,AS Roma,Shakhtar Donetsk,0.43203141707331294,0.2929253261271069,0.2750432567995801
2011,roma-shakhtar,2,Shakhtar Donetsk,AS Roma,0.5377652643335815,0.24742491933482252,0.2148098163315959
2011,valencia-schalke,1,Valencia,Schalke,0.5634432407490312,0.2565685534815749,0.17998820576939384
2011,valencia-schalke,2,Schalke,Valencia,0.3615875277442628,0.2977108666916485,0.34070160556408874
2011,barcelona-shakhtar,1,Barcelona,Shakhtar Donetsk,0.7895268648798848,0.14398666228812487,0.06648647283199029
2011,barcelona-shakhtar,2,Shakhtar Donetsk,Barcelona,0.24063256155458726,0.25559080186744,0.5037766365779728
2011,chelsea-united,1,Chelsea,Manchester Utd,0.44936636602351865,0.29489667770293415,0.2557369562735472
2011,chelsea-united,2,Manchester Utd,Chelsea,0.4208129479695981,0.28605109756241565,0.29313595446798635
2011,inter-schalke,1,Inter,Schalke,0.5622628837413342,0.26992989753957153,0.1678072187190942
2011,inter-schalke,2,Schalke,Inter,0.37174863562378324,0.25940701496824436,0.3688443494079724
2011,madrid-tottenham,1,Real Madrid,Tottenham,0.6901675476773073,0.19869436090927767,0.111138091413415
2011,madrid-tottenham,2,Tottenham,Real Madrid,0.2965608905133743,0.2529489948496428,0.4504901146369828
2011,madrid-barcelona,1,Real Madrid,Barcelona,0.35602788810044345,0.3033678146193489,0.34060429728020764
2011,madrid-barcelona,2,Barcelona,Real Madrid,0.585192039574494,0.22695343446899302,0.18785452595651306
2011,schalke-united,1,Schalke,Manchester Utd,0.26579367026496564,0.2920448969578017,0.4421614327772325
2011,schalke-united,2,Manchester Utd,Schalke,0.6129641389618934,0.23785796120108874,0.14917789983701774
2012,basel-bayern,1,Basel,Bayern Munich,0.160024192633847,0.24948653654725753,0.5904892708188955
2012,basel-bayern,2,Bayern Munich,Basel,0.7970024493530373,0.13210638266811098,0.07089116797885178
2012,cska-madrid,1,CSKA Moscow,Real Madrid,0.12179534735838057,0.21355519050394786,0.6646494621376716
2012,cska-madrid,2,Real Madrid,CSKA Moscow,0.8632879078842847,0.09374301072780979,0.04296908138790557
2012,leverkusen-barcelona,1,Bayer Leverkusen,Barcelona,0.10197973476520167,0.19455560054590731,0.7034646646888909
2012,leverkusen-barcelona,2,Barcelona,Bayer Leverkusen,0.8443238192663934,0.10542733794193865,0.05024884279166789
2012,lyon-apoel,1,Lyon,APOEL,0.652429830437975,0.22913247976902468,0.11843768979300025
2012,lyon-apoel,2,APOEL,Lyon,0.33000182381907717,0.28963462824487807,0.38036354793604477
2012,marseille-inter,1,Marseille,Inter,0.49869221483735027,0.2739781735423656,0.22732961162028414
2012,marseille-inter,2,Inter,Marseille,0.4846110204950003,0.2747350160654182,0.2406539634395815
2012,milan-arsenal,1,AC Milan,Arsenal,0.4509492774156985,0.2896004533862284,0.2594502691980731
2012,milan-arsenal,2,Arsenal,AC Milan,0.46899448848177366,0.2595531141734747,0.2714523973447515
2012,napoli-chelsea,1,Napoli,Chelsea,0.43075375010198413,0.2880420213447918,0.281204228553224
2012,napoli-chelsea,2,Chelsea,Napoli,0.5839615184941513,0.22541064307428715,0.19062783843156147
2012,zenit-benfica,1,Zenit Petersburg,Benfica,0.3999903860020189,0.2981060423977311,0.30190357160024994
2012,zenit-benfica,2,Benfica,Zenit Petersburg,0.5476328537657791,0.25743610429722635,0.19493104193699445
2012,apoel-madrid,1,APOEL,Real Madrid,0.0920793881926721,0.18760948324069088,0.720311128566637
2012,apoel-madrid,2,Real Madrid,APOEL,0.8819451142365977,0.08557957981810652,0.03247530594529579
2012,benfica-chelsea,1,Benfica,Chelsea,0.42084942084942084,0.28957528957528955,0.28957528957528955
2012,benfica-chelsea,2,Chelsea,Benfica,0.5783621850108949,0.2478086619849854,0.17382915300411977
2012,marseille-bayern,1,Marseille,Bayern Munich,0.1958576724819027,0.2647908197800025,0.5393515077380948
2012,marseille-bayern,2,Bayern Munich,Marseille,0.6881212930918761,0.1946238463756397,0.11725486053248416
2012,milan-barcelona,1,AC Milan,Barcelona,0.1963232188719446,0.24565832827758868,0.5580184528504667
2012,milan-barcelona,2,Barcelona,AC Milan,0.7649552011556685,0.15006292649329167,0.08498187235103973
2012,barcelona-chelsea,1,Barcelona,Chelsea,0.7646020620801378,0.14363028344431047,0.0917676544755517
2012,barcelona-chelsea,2,Chelsea,Barcelona,0.1948272788769118,0.2456736746561575,0.5594990464669306
2012,bayern-madrid,1,Bayern Munich,Real Madrid,0.3627120821074349,0.2786820102995541,0.3586059075930111
2012,bayern-madrid,2,Real Madrid,Bayern Munich,0.6266258331263445,0.2099104525432413,0.16346371433041434
2013,arsenal-bayern,1,Arsenal,Bayern Munich,0.23338099462894657,0.26662800783027696,0.4999909975407765
2013,arsenal-bayern,2,Bayern Munich,Arsenal,0.710364507512098,0.1749532310114784,0.11468226147642363
2013,celtic-juventus,1,Celtic,Juventus,0.2081832275842447,0.2745864984516331,0.517230273964122
2013,celtic-juventus,2,Juventus,Celtic,0.6666864576000086,0.20923331858685593,0.12408022381313548
2013,galatasaray-schalke,1,Galatasaray,Schalke,0.41068663081628365,0.28649696101854516,0.3028164081651712
2013,galatasaray-schalke,2,Schalke,Galatasaray,0.566058144993669,0.23384916199890213,0.20009269300742882
2013,madrid-united,1,Real Madrid,Manchester Utd,0.6211223347852672,0.20102187759913825,0.17785578761559442
2013,madrid-united,2,Manchester Utd,Real Madrid,0.3192942515651679,0.26742011545654115,0.41328563297829085
2013,milan-barcelona,1,AC Milan,Barcelona,0.15770737383008246,0.23695142553183182,0.6053412006380856
2013,milan-barcelona,2,Barcelona,AC Milan,0.7465890927847512,0.15291483043255186,0.10049607678269705
2013,porto-malaga,1,FC Porto,Malaga,0.5774949472107189,0.25599621217474877,0.16650884061453222
2013,porto-malaga,2,Malaga,FC Porto,0.3423959525386978,0.29575377943745107,0.3618502680238511
2013,shakhtar-dortmund,1,Shakhtar Donetsk,Dortmund,0.37994137403130673,0.2841104636673273,0.335948162301366
2013,shakhtar-dortmund,2,Dortmund,Shakhtar Donetsk,0.5730455973320843,0.2388129570966694,0.1881414455712464
2013,valencia-psg,1,Valencia,Paris SG,0.38633418010264914,0.29452019285603187,0.3191456270413189
2013,valencia-psg,2,Paris SG,Valencia,0.4929641277117425,0.2745056233676243,0.23253024892063323
2013,bayern-juventus,1,Bayern Munich,Juventus,0.6020677194415751,0.2426128627515298,0.1553194178068951
2013,bayern-juventus,2,Juventus,Bayern Munich,0.31789283549809266,0.2863899418901736,0.39571722261173364
2013,madrid-galatasaray,1,Real Madrid,Galatasaray,0.8157070317916454,0.1228356135740665,0.06145735463428826
2013,madrid-galatasaray,2,Galatasaray,Real Madrid,0.19380760574225395,0.2483159948572629,0.5578763994004831
2013,malaga-dortmund,1,Malaga,Dortmund,0.2922621149093588,0.281087386986354,0.4266504981042873
2013,malaga-dortmund,2,Dortmund,Malaga,0.7225974236572376,0.18140668479256963,0.0959958915501928
2013,psg-barcelona,1,Paris SG,Barcelona,0.2196550602017572,0.26602668402212815,0.5143182557761145
2013,psg-barcelona,2,Barcelona,Paris SG,0.6741589281351233,0.19341797615624454,0.13242309570863217
2013,bayern-barcelona,1,Bayern Munich,Barcelona,0.4739564515955944,0.2637443614939671,0.2622991869104385
2013,bayern-barcelona,2,Barcelona,Bayern Munich,0.4608523862055043,0.24145414692882844,0.29769346686566733
2013,dortmund-madrid,1,Dortmund,Real Madrid,0.37006700246355667,0.2722936182899465,0.3576393792464969
2013,dortmund-madrid,2,Real Madrid,Dortmund,0.6339516786734687,0.18809359777810306,0.17795472354842834
2014,arsenal-bayern,1,Arsenal,Bayern Munich,0.18457122206608592,0.23352076757752965,0.5819080103563843
2014,arsenal-bayern,2,Bayern Munich,Arsenal,0.7354582632407808,0.15449379653478587,0.11004794022443319
2014,city-barcelona,1,Manchester City,Barcelona,0.32488005483207677,0.27073337902673067,0.4043865661411926
2014,city-barcelona,2,Barcelona,Manchester City,0.5818402022414838,0.2081688753547298,0.2099909224037865
2014,galatasaray-chelsea,1,Galatasaray,Chelsea,0.27204687576936337,0.294647693140972,0.4333054310896647
2014,galatasaray-chelsea,2,Chelsea,Galatasaray,0.6797723837181657,0.2043427767477446,0.11588483953408975
2014,leverkusen-psg,1,Bayer Leverkusen,Paris SG,0.28328727404521364,0.2841254020749332,0.4325873238798532
2014,leverkusen-psg,2,Paris SG,Bayer Leverkusen,0.680213724780719,0.19854862142735577,0.12123765379192519
2014,milan-atletico,1,AC Milan,Atl. Madrid,0.2428649716617874,0.2926262961307163,0.46450873220749633
2014,milan-atletico,2,Atl. Madrid,AC Milan,0.6421634321775124,0.21597424849019475,0.14186231933229287
2014,olympiacos-united,1,Olympiakos Piraeus,Manchester Utd,0.295021827938983,0.29869811239928185,0.4062800596617351
2014,olympiacos-united,2,Manchester Utd,Olympiakos Piraeus,0.6508011273725519,0.2083532816467814,0.14084559098066665
2014,schalke-madrid,1,Schalke,Real Madrid,0.16020510650342049,0.22708318162395216,0.6127117118726273
2014,schalke-madrid,2,Real Madrid,Schalke,0.7578009747947618,0.14763988482570803,0.09455914037953009
2014,zenit-dortmund,1,Zenit Petersburg,Dortmund,0.20527910910628702,0.2463349309275444,0.5483859599661687
2014,zenit-dortmund,2,Dortmund,Zenit Petersburg,0.7126331191692786,0.16993030714827498,0.11743657368244644
2014,barcelona-atletico,1,Barcelona,Atl. Madrid,0.6176226688351374,0.2267715126966157,0.15560581846824686
2014,barcelona-atletico,2,Atl. Madrid,Barcelona,0.2592608639140418,0.27178198518261776,0.4689571509033404
2014,madrid-dortmund,1,Real Madrid,Dortmund,0.6906344889657018,0.1879478642305145,0.12141764680378368
2014,madrid-dortmund,2,Dortmund,Real Madrid,0.3257007500986972,0.2487169364390051,0.42558231346229763
2014,psg-chelsea,1,Paris SG,Chelsea,0.4605832672568689,0.2859740883266529,0.25344264441647807
2014,psg-chelsea,2,Chelsea,Paris SG,0.5238858608528375,0.2527519504114567,0.2233621887357059
2014,united-bayern,1,Manchester Utd,Bayern Munich,0.14899411907999885,0.1999983299683802,0.651007550951621
2014,united-bayern,2,Bayern Munich,Manchester Utd,0.7391034849459968,0.15279117383597426,0.10810534121802902
2014,atletico-chelsea,1,Atl. Madrid,Chelsea,0.5404470503314883,0.2758370511183277,0.18371589855018391
2014,atletico-chelsea,2,Chelsea,Atl. Madrid,0.40275101335636915,0.29676390457837726,0.3004850820652535
2014,madrid-bayern,1,Real Madrid,Bayern Munich,0.42918996933068737,0.2626736424318961,0.30813638823741657
2014,madrid-bayern,2,Bayern Munich,Real Madrid,0.5508502267122031,0.2229970771358617,0.2261526961519352
2015,arsenal-monaco,1,Arsenal,Monaco,0.601405991149634,0.2540989399902429,0.14449506886012317
2015,arsenal-monaco,2,Monaco,Arsenal,0.2798649234456907,0.2689509709993407,0.45118410555496863
2015,basel-porto,1,Basel,FC Porto,0.26315167277455964,0.3045277219529495,0.4323206052724909
2015,basel-porto,2,FC Porto,Basel,0.6716314841497438,0.21263832629807447,0.11573018955218167
2015,city-barcelona,1,Manchester City,Barcelona,0.24908944599504643,0.2640212383980193,0.4868893156069344
2015,city-barcelona,2,Barcelona,Manchester City,0.7072237514994192,0.16884293976950904,0.12393330873107185
2015,juventus-dortmund,1,Juventus,Dortmund,0.49667385189228475,0.28641961113546455,0.2169065369722507
2015,juventus-dortmund,2,Dortmund,Juventus,0.42819976245687463,0.28759685538148294,0.2842033821616425
2015,leverkusen-atletico,1,Bayer Leverkusen,Atl. Madrid,0.3265411440903263,0.308862164951678,0.36459669095799585
2015,leverkusen-atletico,2,Atl. Madrid,Bayer Leverkusen,0.5507127786822786,0.2672527803573427,0.18203444096037869
2015,psg-chelsea,1,Paris SG,Chelsea,0.36275849074379385,0.3165245654529181,0.32071694380328797
2015,psg-chelsea,2,Chelsea,Paris SG,0.4342087283444066,0.2997787814885532,0.2660124901670403
2015,schalke-madrid,1,Schalke,Real Madrid,0.13971237542576007,0.21761069761574364,0.6426769269584962
2015,schalke-madrid,2,Real Madrid,Schalke,0.8011909881294107,0.1304856558022045,0.06832335606838473
2015,shakhtar-bayern,1,Shakhtar Donetsk,Bayern Munich,0.10486217982704593,0.18871072047460521,0.7064270996983489
2015,shakhtar-bayern,2,Bayern Munich,Shakhtar Donetsk,0.8322743514225242,0.11631786116266603,0.0514077874148098
2015,atletico-madrid,1,Atl. Madrid,Real Madrid,0.3284988952094401,0.2971651544356166,0.3743359503549434
2015,atletico-madrid,2,Real Madrid,Atl. Madrid,0.483456604547085,0.2835522607314282,0.23299113472148675
2015,juventus-monaco,1,Juventus,Monaco,0.6361336458411792,0.24617131120868363,0.11769504295013707
2015,juventus-monaco,2,Monaco,Juventus,0.2318165250391292,0.3143916924550281,0.4537917825058425
2015,porto-bayern,1,FC Porto,Bayern Munich,0.2347549536976973,0.2968747260607803,0.46837032024152225
2015,porto-bayern,2,Bayern Munich,FC Porto,0.7126536339057288,0.18011858168173395,0.10722778441253726
2015,psg-barcelona,1,Paris SG,Barcelona,0.21609757112752503,0.2681764871610283,0.5157259417114466
2015,psg-barcelona,2,Barcelona,Paris SG,0.6701514572186081,0.18891827074017847,0.14093027204121344
2015,barcelona-bayern,1,Barcelona,Bayern Munich,0.5571545248041109,0.24491454045822308,0.197930934737666
2015,barcelona-bayern,2,Bayern Munich,Barcelona,0.3814608141475312,0.25700542916040564,0.36153375669206317
2015,juventus-madrid,1,Juventus,Real Madrid,0.35682571446438627,0.3061722218748046,0.3370020636608092
2015,juventus-madrid,2,Real Madrid,Juventus,0.5857321113193065,0.23343321744127224,0.18083467123942132
2016,arsenal-barcelona,1,Arsenal,Barcelona,0.23505609521154897,0.2611028517079639,0.5038410530804871
2016,arsenal-barcelona,2,Barcelona,Arsenal,0.7799035357051921,0.1363795151612141,0.08371694913359376
2016,benfica-zenit,1,Benfica,Zenit Petersburg,0.4693636248469237,0.28271610151598325,0.24792027363709299
2016,benfica-zenit,2,Zenit Petersburg,Benfica,0.45873153779322323,0.2736750651607298,0.2675933970460469
2016,gent-wolfsburg,1,Gent,Wolfsburg,0.33,0.33,0.33
2016,gent-wolfsburg,2,Wolfsburg,Gent,0.6308381050981428,0.21531582149159492,0.1538460734102624
2016,juventus-bayern,1,Juventus,Bayern Munich,0.2626242478641002,0.30667198563877535,0.4307037664971244
2016,juventus-bayern,2,Bayern Munich,Juventus,0.6614115655771463,0.21423714458188706,0.1243512898409666
2016,kyiv-city,1,Dyn. Kyiv,Manchester City,0.2879749377460037,0.3071732669290706,0.40485179532492566
2016,kyiv-city,2,Manchester City,Dyn. Kyiv,0.6699915781170549,0.20845400714006238,0.12155441474288271
2016,psg-chelsea,1,Paris SG,Chelsea,0.5904754613917184,0.24909649679698093,0.16042804181130063
2016,psg-chelsea,2,Chelsea,Paris SG,0.33,0.33,0.33
2016,psv-atletico,1,PSV,Atl. Madrid,0.19938746498306645,0.2951178380789118,0.5054946969380218
2016,psv-atletico,2,Atl. Madrid,PSV,0.7361574113840738,0.18087615809540203,0.08296643052052434
2016,roma-madrid,1,AS Roma,Real Madrid,0.23069712973280893,0.254373940415913,0.514928929851278
2016,roma-madrid,2,Real Madrid,AS Roma,0.7115077197703386,0.1668009911146043,0.12169128911505722
2016,barcelona-atletico,1,Barcelona,Atl. Madrid,0.6358340165006716,0.23078700877361288,0.1333789747257156
2016,barcelona-atletico,2,Atl. Madrid,Barcelona,0.30807523386894203,0.2820280566613639,0.4098967094696941
2016,bayern-benfica,1,Bayern Munich,Benfica,0.7874385141552466,0.14497887159235215,0.06758261425240143
2016,bayern-benfica,2,Benfica,Bayern Munich,0.14086207052506083,0.2281099723632782,0.631027957111661
2016,psg-city,1,Paris SG,Manchester City,0.5716016319937829,0.24266574222574389,0.18573262578047323
2016,psg-city,2,Manchester City,Paris SG,0.3377082980720408,0.2728377775384284,0.3894539243895309
2016,wolfsburg-madrid,1,Wolfsburg,Real Madrid,0.1767331825282073,0.22162421973788926,0.6016425977339033
2016,wolfsburg-madrid,2,Real Madrid,Wolfsburg,0.8142428313891809,0.11619206819706832,0.06956510041375089
2016,atletico-bayern,1,Atl. Madrid,Bayern Munich,0.30389313304888577,0.3275064508195762,0.36860041613153816
2016,atletico-bayern,2,Bayern Munich,Atl. Madrid,0.6167284724341946,0.23753547607759598,0.14573605148820926
2016,city-madrid,1,Manchester City,Real Madrid,0.37527104833906255,0.2942855029528211,0.33044344870811654
2016,city-madrid,2,Real Madrid,Manchester City,0.6529523528291843,0.20792940929630765,0.139118237874508
2017,bayern-arsenal,1,Bayern Munich,Arsenal,0.6921631489158296,0.19037886217724193,0.11745798890692866
2017,bayern-arsenal,2,Arsenal,Bayern Munich,0.24137727482131713,0.23267376731574077,0.525948957862942
2017,benfica-dortmund,1,Benfica,Dortmund,0.30147877245985055,0.2889171569406901,0.4096040705994594
2017,benfica-dortmund,2,Dortmund,Benfica,0.7579389871228722,0.1511287891983004,0.09093222367882742
2017,city-monaco,1,Manchester City,Monaco,0.6039829950298066,0.22454164181809966,0.17147536315209375
2017,city-monaco,2,Monaco,Manchester City,0.3351490144858703,0.2509276300166231,0.4139233554975065
2017,leverkusen-atletico,1,Bayer Leverkusen,Atl. Madrid,0.3203807997737823,0.31312298230317875,0.36649621792303877
2017,leverkusen-atletico,2,Atl. Madrid,Bayer Leverkusen,0.6341101319390493,0.21740317001255755,0.14848669804839304
2017,madrid-napoli,1,Real Madrid,Napoli,0.6268003577946366,0.216302039817528,0.15689760238783532
2017,madrid-napoli,2,Napoli,Real Madrid,0.32270771026333067,0.24509446349113725,0.4321978262455322
2017,porto-juventus,1,FC Porto,Juventus,0.31869652742828386,0.32511323603422243,0.3561902365374937
2017,porto-juventus,2,Juventus,FC Porto,0.5535337896358522,0.2678797262184887,0.17858648414565914
2017,psg-barcelona,1,Paris SG,Barcelona,0.3044350966517412,0.28231045299972507,0.4132544503485337
2017,psg-barcelona,2,Barcelona,Paris SG,0.6324788041630244,0.19420154098203826,0.17331965485493736
2017,sevilla-leicester,1,Sevilla,Leicester,0.7076237117169797,0.18720204013676714,0.10517424814625312
2017,sevilla-leicester,2,Leicester,Sevilla,0.32211101000909914,0.2684258416742493,0.4094631483166515
2017,atletico-leicester,1,Atl. Madrid,Leicester,0.7290674889830314,0.1836522390115022,0.0872802720054664
2017,atletico-leicester,2,Leicester,Atl. Madrid,0.21974391945423197,0.25368342533852434,0.5265726552072438
2017,bayern-madrid,1,Bayern Munich,Real Madrid,0.5720629739562997,0.2227163969796495,0.20522062906405072
2017,bayern-madrid,2,Real Madrid,Bayern Munich,0.3703375245195668,0.2491187987103271,0.38054367677010603
2017,dortmund-monaco,1,Dortmund,Monaco,0.6282071463873269,0.19710357980997212,0.17468927380270094
2017,dortmund-monaco,2,Monaco,Dortmund,0.33113400291256234,0.23378858518886927,0.4350774118985684
2017,juventus-barcelona,1,Juventus,Barcelona,0.35870729095687726,0.289107368830916,0.35218534021220677
2017,juventus-barcelona,2,Barcelona,Juventus,0.6513885037436121,0.18921960893060627,0.15939188732578163
2017,madrid-atletico,1,Real Madrid,Atl. Madrid,0.5358332197260234,0.2744265490765312,0.18974023119744537
2017,madrid-atletico,2,Atl. Madrid,Real Madrid,0.36769361558079866,0.2701212874238828,0.36218509699531853
2017,monaco-juventus,1,Monaco,Juventus,0.30477406883219993,0.2963857917083779,0.3988401394594222
2017,monaco-juventus,2,Juventus,Monaco,0.5868879632464723,0.2450592514624428,0.1680527852910849
2018,basel-city,1,Basel,Manchester City,0.08657752791526625,0.18241381585148966,0.731008656233244
2018,basel-city,2,Manchester City,Basel,0.7578716533930971,0.1675579675189259,0.074570379087977
2018,bayern-besiktas,1,Bayern Munich,Besiktas,0.8592133608957122,0.10114006429052529,0.039646574813762464
2018,bayern-besiktas,2,Besiktas,Bayern Munich,0.11016756027952543,0.1631291847355117,0.726703254984963
2018,chelsea-barcelona,1,Chelsea,Barcelona,0.27637008215712094,0.2912642782015166,0.43236563964136243
2018,chelsea-barcelona,2,Barcelona,Chelsea,0.6554072074088625,0.20961270547633498,0.13498008711480264
2018,juventus-tottenham,1,Juventus,Tottenham,0.42029833068068245,0.3214864714809194,0.258215197838398
2018,juventus-tottenham,2,Tottenham,Juventus,0.43245956251401846,0.2788063082110434,0.28873412927493813
2018,madrid-psg,1,Real Madrid,Paris SG,0.43179943922150754,0.25977238990598717,0.30842817087250535
2018,madrid-psg,2,Paris SG,Real Madrid,0.543667887015483,0.21217310860728714,0.2441590043772299
2018,porto-liverpool,1,FC Porto,Liverpool,0.27015105126456457,0.2779140125077992,0.4519349362276361
2018,porto-liverpool,2,Liverpool,FC Porto,0.6737963449915966,0.20607705492321343,0.12012660008519
2018,sevilla-united,1,Sevilla,Manchester Utd,0.360808678885145,0.2986385680618585,0.34055275305299654
2018,sevilla-united,2,Manchester Utd,Sevilla,0.5923801656837647,0.23826251007894003,0.16935732423729538
2018,shakhtar-roma,1,Shakhtar Donetsk,AS Roma,0.3729644219733863,0.2903315859673067,0.33670399205930707
2018,shakhtar-roma,2,AS Roma,Shakhtar Donetsk,0.5864484348798211,0.22402529346003355,0.18952627166014532
2018,barcelona-roma,1,Barcelona,AS Roma,0.7942878997180874,0.13781744934379772,0.06789465093811478
2018,barcelona-roma,2,AS Roma,Barcelona,0.20637762705580215,0.22038515830393351,0.5732372146402642
2018,juventus-madrid,1,Juventus,Real Madrid,0.32423034124629085,0.30021327893175076,0.3755563798219585
2018,juventus-madrid,2,Real Madrid,Juventus,0.5897919066936563,0.22058359734397726,0.1896244959623664
2018,liverpool-city,1,Liverpool,Manchester City,0.31491078699933367,0.2696749833419708,0.41541422965869546
2018,liverpool-city,2,Manchester City,Liverpool,0.6529025265042413,0.1835759970933124,0.16352147640244635
2018,sevilla-bayern,1,Sevilla,Bayern Munich,0.16440778019342636,0.21908722169595915,0.6165049981106144
2018,sevilla-bayern,2,Bayern Munich,Sevilla,0.7649480797027757,0.14268587429467974,0.09236604600254458
2018,bayern-madrid,1,Bayern Munich,Real Madrid,0.4873308997208503,0.2388876959415933,0.2737814043375564
2018,bayern-madrid,2,Real Madrid,Bayern Munich,0.4070642165178004,0.23786882089915473,0.3550669625830449
2018,liverpool-roma,1,Liverpool,AS Roma,0.6423208378182343,0.21144219498886682,0.1462369671928989
2018,liverpool-roma,2,AS Roma,Liverpool,0.3678393609454506,0.24068501395196146,0.39147562510258793
2019,ajax-madrid,1,Ajax,Real Madrid,0.2913008778930567,0.2657621707901038,0.44293695131683963
2019,ajax-madrid,2,Real Madrid,Ajax,0.5498858644300807,0.23863359623602454,0.21148053933389482
2019,atletico-juventus,1,Atl. Madrid,Juventus,0.33485193621867887,0.33485193621867887,0.33029612756264237
2019,atletico-juventus,2,Juventus,Atl. Madrid,0.5542576135372239,0.26823001693634607,0.17751236952643012
2019,liverpool-bayern,1,Liverpool,Bayern Munich,0.422471369562848,0.2780055851433683,0.2995230452937839
2019,liverpool-bayern,2,Bayern Munich,Liverpool,0.4684862832474585,0.2737223227962679,0.25779139395627343
2019,lyon-barcelona,1,Lyon,Barcelona,0.2049985830644203,0.24810084924719583,0.5469005676883839
2019,lyon-barcelona,2,Barcelona,Lyon,0.7836116664895895,0.13474731390758166,0.0816410196028289
2019,roma-porto,1,AS Roma,FC Porto,0.46077032810271046,0.2845934379457918,0.25463623395149787
2019,roma-porto,2,FC Porto,AS Roma,0.5430629957925095,0.23732803273761552,0.21960897146987501
2019,schalke-city,1,Schalke,Manchester City,0.09003438238185124,0.17296927941459592,0.7369963382035527
2019,schalke-city,2,Manchester City,Schalke,0.8343410450710839,0.11513994715826448,0.05051900777065171
2019,tottenham-dortmund,1,Tottenham,Dortmund,0.46222222222222226,0.2888888888888889,0.24888888888888888
2019,tottenham-dortmund,2,Dortmund,Tottenham,0.47383196591874116,0.25914670522097377,0.2670213288602851
2019,united-psg,1,Manchester Utd,Paris SG,0.41259316875722135,0.2786189501665144,0.30878788107626437
2019,united-psg,2,Paris SG,Manchester Utd,0.6480031944114805,0.2072214204126589,0.14477538517586064
